Starting Reptition No. 1
First 20 entries in X [7804888 5299749 3978711 1969253 7177689 1858307 1477050 9544974 7137824
 5865140 6958313 8627227 3798815 7842347 1893811 9594228   69276 1625513
 7715129 6901131] 

First 20 entries in Y [0. 0. 0. 0. 0. 0. 0. 0. 0. 0. 0. 0. 0. 0. 0. 0. 0. 0. 0. 0.] 


Running BCG...

   Active Sets   |           Objective Bounds            |         Work
  Size    Drops  |  Incumbent       BestBd       AddGap  |  SiGD  IntPrg   Time

     2        0     1.140e-03    0.000e+00    1.140e-03        0      1    728s
     3        0     9.847e-04    0.000e+00    9.847e-04        0      1    846s
     4        0     8.390e-04    0.000e+00    8.390e-04        3      1    854s
     4        1     7.359e-04    0.000e+00    7.359e-04        5      1    860s
     5        1     7.178e-04    0.000e+00    7.178e-04        7      1    866s
     6        1     4.989e-04    0.000e+00    4.989e-04        8      1    872s
     6        1     4.093e-04    0.000e+00    4.093e-04       12      1    877s
     7        1     3.987e-04    0.000e+00    3.987e-04       14      1    884s
     8        1     3.921e-04    0.000e+00    3.921e-04       16      1    890s
     9        1     3.844e-04    0.000e+00    3.844e-04       19      1    898s
    10        1     3.255e-04    0.000e+00    3.255e-04       21      1    904s
    10        1     3.109e-04    0.000e+00    3.109e-04       25      1    909s
    12        1     2.928e-04    0.000e+00    2.928e-04       26      1    918s
    12        2     2.426e-04    0.000e+00    2.426e-04       29      1    927s
    11        3     2.279e-04    0.000e+00    2.279e-04       33      1    932s
    12        3     1.729e-04    0.000e+00    1.729e-04       35      1    940s
    11        4     1.597e-04    0.000e+00    1.597e-04       39      1    945s
    13        4     1.318e-04    0.000e+00    1.318e-04       40      1    954s
    12        5     1.084e-04    0.000e+00    1.084e-04       44      1    959s
    14        5     1.068e-04    0.000e+00    1.068e-04       45      1   1069s

   Active Sets   |           Objective Bounds            |         Work
  Size    Drops  |  Incumbent       BestBd       AddGap  |  SiGD  IntPrg   Time

    14        5     1.058e-04    0.000e+00    1.058e-04       46      1   1071s
    14        5     9.984e-05    0.000e+00    9.984e-05       47      1   1072s


Optimal solution found (tolerance 1.00e-04)
Best objective 9.984209e-05, best bound 0.000000e+00, additive gap 9.984209e-05
Starting Reptition No. 2
First 20 entries in X [8753175 3820351 2098488 4867823 5767703 1975711 6868435 3218441 9556156
  768731 8578514 9191768 2216292  281218 6638142 4395021 6929910 9921869
 1050239 9379398] 

First 20 entries in Y [0.         0.         0.06109183 0.         0.         0.
 0.         0.         0.         0.         0.         0.10767254
 0.         0.         0.         0.         0.18585275 0.
 0.         0.        ] 


Running BCG...

   Active Sets   |           Objective Bounds            |         Work
  Size    Drops  |  Incumbent       BestBd       AddGap  |  SiGD  IntPrg   Time

     2        0     1.020e-03    0.000e+00    1.020e-03        0      1    726s
     3        0     9.536e-04    0.000e+00    9.536e-04        0      1    864s
     4        0     9.165e-04    0.000e+00    9.165e-04        3      1    873s
     5        0     6.594e-04    0.000e+00    6.594e-04        6      1    881s
     5        1     6.388e-04    0.000e+00    6.388e-04        9      1    889s
     6        1     6.339e-04    0.000e+00    6.339e-04       10      1    894s
     7        1     6.224e-04    0.000e+00    6.224e-04       13      1    902s
     8        1     5.539e-04    0.000e+00    5.539e-04       15      1    909s
     8        1     4.668e-04    0.000e+00    4.668e-04       19      1    915s
     9        1     4.543e-04    0.000e+00    4.543e-04       22      1    922s
    10        1     4.442e-04    0.000e+00    4.442e-04       24      1    928s
    10        2     4.374e-04    0.000e+00    4.374e-04       26      1    935s
    11        2     4.281e-04    0.000e+00    4.281e-04       28      1    942s
    12        2     3.837e-04    0.000e+00    3.837e-04       29      1    947s
    13        2     3.737e-04    0.000e+00    3.737e-04       31      1    953s
    13        3     3.353e-04    0.000e+00    3.353e-04       32      1    958s
    13        3     3.250e-04    0.000e+00    3.250e-04       36      1    964s
    14        3     3.175e-04    0.000e+00    3.175e-04       38      1    970s
    15        3     2.555e-04    0.000e+00    2.555e-04       38      1    976s
    15        3     2.504e-04    0.000e+00    2.504e-04       42      1    982s

   Active Sets   |           Objective Bounds            |         Work
  Size    Drops  |  Incumbent       BestBd       AddGap  |  SiGD  IntPrg   Time

    15        3     2.439e-04    0.000e+00    2.439e-04       43      1    983s
    15        3     2.409e-04    0.000e+00    2.409e-04       47      1    988s
    17        3     1.961e-04    0.000e+00    1.961e-04       47      1    996s
    16        4     1.872e-04    0.000e+00    1.872e-04       51      1   1002s
    15        5     1.791e-04    0.000e+00    1.791e-04       55      1   1007s
    13        7     1.725e-04    0.000e+00    1.725e-04       59      1   1013s
    14        7     1.588e-04    0.000e+00    1.588e-04       60      1   1018s
    15        7     1.275e-04    0.000e+00    1.275e-04       61      1   1030s
    15        7     1.212e-04    0.000e+00    1.212e-04       65      1   1036s
    16        7     1.162e-04    0.000e+00    1.162e-04       68      1   1153s
    15        8     1.019e-04    0.000e+00    1.019e-04       72      1   1158s
    15        8     9.240e-05    0.000e+00    9.240e-05       73      1   1159s


Optimal solution found (tolerance 1.00e-04)
Best objective 9.240404e-05, best bound 0.000000e+00, additive gap 9.240404e-05
Starting Reptition No. 3
First 20 entries in X [4232220 2720255 6550140 9590381 6201127 9688435  787661 7156126 9691116
 6738892 3676315 2532380 7235320 6249442 7750496 5290543 3349056 3516194
 7458017 4117274] 

First 20 entries in Y [0.         0.         0.         0.         0.         0.
 0.         0.         0.02315055 0.         0.         0.
 0.         0.         0.         0.         0.         0.
 0.         0.        ] 


Running BCG...

   Active Sets   |           Objective Bounds            |         Work
  Size    Drops  |  Incumbent       BestBd       AddGap  |  SiGD  IntPrg   Time

     2        0     8.922e-04    0.000e+00    8.922e-04        0      1    716s
     3        0     8.646e-04    0.000e+00    8.646e-04        0      1    846s
     3        0     8.540e-04    0.000e+00    8.540e-04        4      1    852s
     4        0     8.357e-04    0.000e+00    8.357e-04        5      1    857s
     5        0     8.130e-04    0.000e+00    8.130e-04        7      1    864s
     5        1     6.846e-04    0.000e+00    6.846e-04       10      1    872s
     6        1     6.666e-04    0.000e+00    6.666e-04       12      1    878s
     7        1     4.438e-04    0.000e+00    4.438e-04       14      1    884s
     8        1     4.251e-04    0.000e+00    4.251e-04       16      1    891s
     9        1     3.669e-04    0.000e+00    3.669e-04       18      1    896s
     9        1     3.535e-04    0.000e+00    3.535e-04       22      1    902s
    10        1     2.148e-04    0.000e+00    2.148e-04       23      1    907s
    11        1     2.006e-04    0.000e+00    2.006e-04       25      1    913s
    12        1     1.982e-04    0.000e+00    1.982e-04       27      1    918s
    12        2     1.921e-04    0.000e+00    1.921e-04       29      1    924s
    13        2     1.606e-04    0.000e+00    1.606e-04       31      1    931s
    14        2     1.315e-04    0.000e+00    1.315e-04       33      1    938s
    14        2     1.098e-04    0.000e+00    1.098e-04       37      1    943s
    15        2     1.009e-04    0.000e+00    1.009e-04       40      1    951s
    16        2     9.951e-05    0.000e+00    9.951e-05       40      1    958s


Optimal solution found (tolerance 1.00e-04)
Best objective 9.950567e-05, best bound 0.000000e+00, additive gap 9.950567e-05
Starting Reptition No. 4
First 20 entries in X [6066324 4661502 6271564 7116291 6612487 2762639 1739956  637773 1651868
 3197033 1793542 3506398 5713169 7479031 2912879 6082099 9862375  788437
 6770882 1718402] 

First 20 entries in Y [0.         0.         0.         0.         0.         0.06365547
 0.         0.         0.         0.         0.06365547 0.
 0.         0.         0.         0.         0.         0.
 0.         0.        ] 


Running BCG...

   Active Sets   |           Objective Bounds            |         Work
  Size    Drops  |  Incumbent       BestBd       AddGap  |  SiGD  IntPrg   Time

     2        0     1.301e-03    0.000e+00    1.301e-03        0      1    721s
     3        0     1.029e-03    0.000e+00    1.029e-03        0      1    839s
     4        0     8.679e-04    0.000e+00    8.679e-04        3      1    847s
     4        1     8.022e-04    0.000e+00    8.022e-04        5      1    853s
     5        1     7.912e-04    0.000e+00    7.912e-04        7      1    862s
     6        1     7.792e-04    0.000e+00    7.792e-04        8      1    868s
     7        1     7.001e-04    0.000e+00    7.001e-04        9      1    873s
     8        1     6.927e-04    0.000e+00    6.927e-04        9      1    878s
     8        2     4.052e-04    0.000e+00    4.052e-04       10      1    885s
     8        2     2.647e-04    0.000e+00    2.647e-04       14      1    891s
     9        2     2.387e-04    0.000e+00    2.387e-04       16      1    897s
    11        2     2.294e-04    0.000e+00    2.294e-04       16      1    907s
    12        2     2.211e-04    0.000e+00    2.211e-04       17      1    914s
    13        2     1.641e-04    0.000e+00    1.641e-04       18      1    921s
    14        2     1.502e-04    0.000e+00    1.502e-04       21      1    929s
    15        2     1.479e-04    0.000e+00    1.479e-04       21      1    935s
    16        2     1.404e-04    0.000e+00    1.404e-04       21      1   1047s
    16        2     1.267e-04    0.000e+00    1.267e-04       25      1   1052s
    14        4     1.231e-04    0.000e+00    1.231e-04       29      1   1058s
    13        5     1.200e-04    0.000e+00    1.200e-04       33      1   1063s

   Active Sets   |           Objective Bounds            |         Work
  Size    Drops  |  Incumbent       BestBd       AddGap  |  SiGD  IntPrg   Time

    13        5     1.175e-04    0.000e+00    1.175e-04       34      1   1064s
    13        5     1.159e-04    0.000e+00    1.159e-04       38      1   1070s
    13        5     1.137e-04    0.000e+00    1.137e-04       42      1   1075s
    14        5     1.130e-04    0.000e+00    1.130e-04       44      1   1081s
    15        5     1.124e-04    0.000e+00    1.124e-04       46      1   1087s
    16        5     1.111e-04    0.000e+00    1.111e-04       47      1   1093s
    15        6     1.109e-04    0.000e+00    1.109e-04       51      1   1098s
    16        6     1.071e-04    0.000e+00    1.071e-04       53      1   1104s
    16        6     1.068e-04    0.000e+00    1.068e-04       57      1   1110s
    16        6     1.066e-04    0.000e+00    1.066e-04       61      1   1115s
    16        6     1.062e-04    0.000e+00    1.062e-04       65      1   1120s
    16        6     1.060e-04    0.000e+00    1.060e-04       69      1   1126s
    17        6     7.563e-05    0.000e+00    7.563e-05       72      1   1133s


Optimal solution found (tolerance 1.00e-04)
Best objective 7.563152e-05, best bound 0.000000e+00, additive gap 7.563152e-05
Starting Reptition No. 5
First 20 entries in X [   1796 9251304  304469 1394230 7623079 1951138 7219823 5746993 4568606
 5382201 2558680 4326023 3196471 6926927 1628191 3483454 9991353 8766437
 7255759 1318811] 

First 20 entries in Y [0. 0. 0. 0. 0. 0. 0. 0. 0. 0. 0. 0. 0. 0. 0. 0. 0. 0. 0. 0.] 


Running BCG...

   Active Sets   |           Objective Bounds            |         Work
  Size    Drops  |  Incumbent       BestBd       AddGap  |  SiGD  IntPrg   Time

     2        0     4.587e-04    0.000e+00    4.587e-04        0      1    717s
     3        0     4.508e-04    0.000e+00    4.508e-04        0      1    857s
     4        0     4.448e-04    0.000e+00    4.448e-04        3      1    865s
     5        0     4.382e-04    0.000e+00    4.382e-04        6      1    873s
     5        1     4.306e-04    0.000e+00    4.306e-04        8      1    880s
     6        1     4.235e-04    0.000e+00    4.235e-04       10      1    886s
     7        1     3.460e-04    0.000e+00    3.460e-04       12      1    893s
     7        1     3.434e-04    0.000e+00    3.434e-04       16      1    898s
     7        1     3.430e-04    0.000e+00    3.430e-04       20      1    904s
     8        1     2.558e-04    0.000e+00    2.558e-04       22      1    910s
     9        1     2.478e-04    0.000e+00    2.478e-04       25      1    917s
     9        1     2.461e-04    0.000e+00    2.461e-04       29      1    923s
    10        1     1.757e-04    0.000e+00    1.757e-04       30      1    928s
    10        1     1.721e-04    0.000e+00    1.721e-04       34      1    933s
    10        2     1.707e-04    0.000e+00    1.707e-04       36      1    940s
    11        2     1.490e-04    0.000e+00    1.490e-04       38      1    946s
    11        2     1.419e-04    0.000e+00    1.419e-04       42      1    951s
    11        2     1.414e-04    0.000e+00    1.414e-04       46      1    957s
    11        3     1.353e-04    0.000e+00    1.353e-04       48      1    963s
    12        3     1.342e-04    0.000e+00    1.342e-04       50      1    969s

   Active Sets   |           Objective Bounds            |         Work
  Size    Drops  |  Incumbent       BestBd       AddGap  |  SiGD  IntPrg   Time

    13        3     1.331e-04    0.000e+00    1.331e-04       50      1    972s
    14        3     1.305e-04    0.000e+00    1.305e-04       51      1    978s
    15        3     1.285e-04    0.000e+00    1.285e-04       52      1    983s
    16        3     1.265e-04    0.000e+00    1.265e-04       53      1    990s
    17        3     1.146e-04    0.000e+00    1.146e-04       55      1    996s
    17        3     1.132e-04    0.000e+00    1.132e-04       59      1   1002s
    18        3     1.094e-04    0.000e+00    1.094e-04       60      1   1009s
    18        4     1.083e-04    0.000e+00    1.083e-04       61      1   1017s
    18        5     1.023e-04    0.000e+00    1.023e-04       62      1   1023s
    18        5     9.939e-05    0.000e+00    9.939e-05       65      1   1027s


Optimal solution found (tolerance 1.00e-04)
Best objective 9.939096e-05, best bound 0.000000e+00, additive gap 9.939096e-05
Starting Reptition No. 6
First 20 entries in X [5003159 9647349  294843  312047 3376941 4287371  600356 3942798 2947283
 9833320 7490122 4649754 4710971 7903356 1138391 7362719 8973160  990002
 7512043 3460538] 

First 20 entries in Y [0.         0.         0.         0.         0.         0.12878337
 0.         0.         0.         0.         0.         0.
 0.         0.         0.         0.         0.         0.
 0.         0.        ] 


Running BCG...

   Active Sets   |           Objective Bounds            |         Work
  Size    Drops  |  Incumbent       BestBd       AddGap  |  SiGD  IntPrg   Time

     2        0     1.300e-03    0.000e+00    1.300e-03        0      1    721s
     3        0     1.238e-03    0.000e+00    1.238e-03        0      1    873s
     4        0     1.203e-03    0.000e+00    1.203e-03        3      1    882s
     5        0     1.165e-03    0.000e+00    1.165e-03        6      1    890s
     5        1     1.146e-03    0.000e+00    1.146e-03        8      1    897s
     6        1     8.666e-04    0.000e+00    8.666e-04        9      1    902s
     7        1     8.211e-04    0.000e+00    8.211e-04       11      1    909s
     8        1     8.060e-04    0.000e+00    8.060e-04       13      1    916s
     9        1     6.292e-04    0.000e+00    6.292e-04       14      1    921s
    10        1     6.085e-04    0.000e+00    6.085e-04       17      1    928s
    11        1     5.456e-04    0.000e+00    5.456e-04       18      1    934s
    12        1     5.334e-04    0.000e+00    5.334e-04       21      1    942s
    13        1     4.701e-04    0.000e+00    4.701e-04       21      1    947s
    13        1     4.503e-04    0.000e+00    4.503e-04       25      1    952s
    14        1     4.088e-04    0.000e+00    4.088e-04       27      1    959s
    14        2     3.456e-04    0.000e+00    3.456e-04       30      1    968s
    14        2     3.187e-04    0.000e+00    3.187e-04       34      1    974s
    15        2     3.007e-04    0.000e+00    3.007e-04       37      1    983s
    15        3     2.620e-04    0.000e+00    2.620e-04       39      1    992s
    15        3     2.589e-04    0.000e+00    2.589e-04       43      1    997s

   Active Sets   |           Objective Bounds            |         Work
  Size    Drops  |  Incumbent       BestBd       AddGap  |  SiGD  IntPrg   Time

    15        3     2.582e-04    0.000e+00    2.582e-04       44      1    998s
    16        3     2.424e-04    0.000e+00    2.424e-04       45      1   1004s
    14        5     2.250e-04    0.000e+00    2.250e-04       49      1   1010s
    15        5     2.231e-04    0.000e+00    2.231e-04       50      1   1015s
    16        5     1.949e-04    0.000e+00    1.949e-04       50      1   1021s
    17        5     1.519e-04    0.000e+00    1.519e-04       52      1   1030s
    17        6     1.299e-04    0.000e+00    1.299e-04       55      1   1038s
    18        6     1.291e-04    0.000e+00    1.291e-04       55      1   1157s
    17        7     1.267e-04    0.000e+00    1.267e-04       59      1   1162s
    16        8     9.878e-05    0.000e+00    9.878e-05       61      1   1165s


Optimal solution found (tolerance 1.00e-04)
Best objective 9.878055e-05, best bound 0.000000e+00, additive gap 9.878055e-05
Starting Reptition No. 7
First 20 entries in X [4093840 7770513 8111234 8400406 3014876 5331985 4553871 3653444 6222659
 5123648 7606686 6026192 4463518 9188124  949323 1928038 9850195 2736630
 4751307 3027390] 

First 20 entries in Y [0.         0.         0.         0.         0.         0.
 0.         0.         0.         0.         0.         0.
 0.         0.         0.         0.         0.         0.
 0.         0.07304823] 


Running BCG...

   Active Sets   |           Objective Bounds            |         Work
  Size    Drops  |  Incumbent       BestBd       AddGap  |  SiGD  IntPrg   Time

     2        0     3.515e-04    0.000e+00    3.515e-04        0      1    718s
     3        0     3.465e-04    0.000e+00    3.465e-04        0      1    859s
     3        0     3.450e-04    0.000e+00    3.450e-04        4      1    866s
     4        0     3.416e-04    0.000e+00    3.416e-04        5      1    871s
     5        0     3.394e-04    0.000e+00    3.394e-04        8      1    879s
     6        0     3.360e-04    0.000e+00    3.360e-04       10      1    886s
     6        1     2.893e-04    0.000e+00    2.893e-04       12      1    892s
     7        1     2.875e-04    0.000e+00    2.875e-04       15      1    900s
     8        1     2.842e-04    0.000e+00    2.842e-04       17      1    907s
     9        1     2.819e-04    0.000e+00    2.819e-04       20      1    915s
     9        1     2.816e-04    0.000e+00    2.816e-04       24      1    920s
    10        1     2.794e-04    0.000e+00    2.794e-04       26      1    927s
    11        1     2.301e-04    0.000e+00    2.301e-04       27      1    932s
    11        1     2.299e-04    0.000e+00    2.299e-04       31      1    938s
    12        1     2.278e-04    0.000e+00    2.278e-04       33      1    944s
    13        1     2.265e-04    0.000e+00    2.265e-04       36      1    952s
    13        2     2.245e-04    0.000e+00    2.245e-04       39      1    961s
    14        2     2.233e-04    0.000e+00    2.233e-04       42      1    968s
    14        3     2.060e-04    0.000e+00    2.060e-04       44      1    975s
    14        3     2.044e-04    0.000e+00    2.044e-04       48      1    980s

   Active Sets   |           Objective Bounds            |         Work
  Size    Drops  |  Incumbent       BestBd       AddGap  |  SiGD  IntPrg   Time

    15        3     2.035e-04    0.000e+00    2.035e-04       48      1    984s
    16        3     2.001e-04    0.000e+00    2.001e-04       51      1    992s
    16        4     1.720e-04    0.000e+00    1.720e-04       54      1   1000s
    16        4     1.702e-04    0.000e+00    1.702e-04       58      1   1006s
    17        4     1.692e-04    0.000e+00    1.692e-04       59      1   1011s
    18        4     1.606e-04    0.000e+00    1.606e-04       62      1   1020s
    18        4     1.599e-04    0.000e+00    1.599e-04       66      1   1025s
    18        5     1.575e-04    0.000e+00    1.575e-04       67      1   1031s
    19        5     1.553e-04    0.000e+00    1.553e-04       68      1   1037s
    19        6     1.499e-04    0.000e+00    1.499e-04       70      1   1046s
    19        6     1.484e-04    0.000e+00    1.484e-04       74      1   1051s
    20        6     1.288e-04    0.000e+00    1.288e-04       74      1   1056s
    19        7     1.270e-04    0.000e+00    1.270e-04       78      1   1061s
    19        7     1.231e-04    0.000e+00    1.231e-04       82      1   1067s
    20        7     1.206e-04    0.000e+00    1.206e-04       84      1   1073s
    19        8     1.202e-04    0.000e+00    1.202e-04       88      1   1079s
    20        8     1.194e-04    0.000e+00    1.194e-04       89      1   1084s
    20        9     1.183e-04    0.000e+00    1.183e-04       90      1   1090s
    21        9     1.174e-04    0.000e+00    1.174e-04       91      1   1095s
    22        9     1.137e-04    0.000e+00    1.137e-04       93      1   1102s

   Active Sets   |           Objective Bounds            |         Work
  Size    Drops  |  Incumbent       BestBd       AddGap  |  SiGD  IntPrg   Time

    22        9     1.136e-04    0.000e+00    1.136e-04       94      1   1103s
    23        9     1.013e-04    0.000e+00    1.013e-04       96      1   1111s
    22       10     9.971e-05    0.000e+00    9.971e-05       98      1   1114s


Optimal solution found (tolerance 1.00e-04)
Best objective 9.971038e-05, best bound 0.000000e+00, additive gap 9.971038e-05
Starting Reptition No. 8
First 20 entries in X [8851858 7344273 6546151 1886961 3271681 9705361 4449907 1149557 4461835
 9778148 2387204 8514466 2541411 2908291 6423457 2302387 7224478 4285933
  742419 4367961] 

First 20 entries in Y [0.         0.         0.         0.         0.         0.
 0.         0.         0.         0.05185634 0.         0.
 0.         0.         0.         0.         0.         0.
 0.         0.        ] 


Running BCG...

   Active Sets   |           Objective Bounds            |         Work
  Size    Drops  |  Incumbent       BestBd       AddGap  |  SiGD  IntPrg   Time

     2        0     9.680e-04    0.000e+00    9.680e-04        0      1    720s
     3        0     3.502e-04    0.000e+00    3.502e-04        0      1    829s
     4        0     3.301e-04    0.000e+00    3.301e-04        1      1    834s
     5        0     3.249e-04    0.000e+00    3.249e-04        4      1    842s
     6        0     3.191e-04    0.000e+00    3.191e-04        6      1    850s
     6        1     3.170e-04    0.000e+00    3.170e-04        8      1    856s
     7        1     3.135e-04    0.000e+00    3.135e-04        9      1    862s
     8        1     3.077e-04    0.000e+00    3.077e-04       11      1    868s
     9        1     3.005e-04    0.000e+00    3.005e-04       13      1    874s
    11        1     2.816e-04    0.000e+00    2.816e-04       14      1    882s
    11        2     2.770e-04    0.000e+00    2.770e-04       15      1    887s
    12        2     2.474e-04    0.000e+00    2.474e-04       17      1    894s
    12        3     2.357e-04    0.000e+00    2.357e-04       20      1    902s
    12        4     2.335e-04    0.000e+00    2.335e-04       21      1    907s
    13        4     2.166e-04    0.000e+00    2.166e-04       21      1    915s
    13        5     2.113e-04    0.000e+00    2.113e-04       23      1    921s
    14        5     1.828e-04    0.000e+00    1.828e-04       23      1    927s
    14        6     1.737e-04    0.000e+00    1.737e-04       26      1    934s
    15        6     1.320e-04    0.000e+00    1.320e-04       26      1    946s
    15        7     1.227e-04    0.000e+00    1.227e-04       29      1    953s

   Active Sets   |           Objective Bounds            |         Work
  Size    Drops  |  Incumbent       BestBd       AddGap  |  SiGD  IntPrg   Time

    16        7     1.199e-04    0.000e+00    1.199e-04       29      1    960s
    17        7     1.066e-04    0.000e+00    1.066e-04       29      1   1071s
    17        7     1.013e-04    0.000e+00    1.013e-04       33      1   1076s
    17        7     9.979e-05    0.000e+00    9.979e-05       36      1   1080s


Optimal solution found (tolerance 1.00e-04)
Best objective 9.979413e-05, best bound 0.000000e+00, additive gap 9.979413e-05
Starting Reptition No. 9
First 20 entries in X [1560100 2748735 2897578 2165637 1605522 2844155 3021691 3980845 7947807
 3668393  453272 8779627 6358330 8974521 7621828 7351239 3067784 1397152
 1509030  655349] 

First 20 entries in Y [0.         0.         0.         0.         0.         0.
 0.         0.         0.         0.08621351 0.         0.
 0.         0.         0.06275021 0.         0.         0.
 0.02105784 0.        ] 


Running BCG...

   Active Sets   |           Objective Bounds            |         Work
  Size    Drops  |  Incumbent       BestBd       AddGap  |  SiGD  IntPrg   Time

     2        0     1.002e-03    0.000e+00    1.002e-03        0      1    718s
     3        0     9.606e-04    0.000e+00    9.606e-04        0      1    873s
     4        0     9.101e-04    0.000e+00    9.101e-04        3      1    881s
     5        0     8.850e-04    0.000e+00    8.850e-04        5      1    888s
     6        0     8.639e-04    0.000e+00    8.639e-04        6      1    894s
     6        1     8.463e-04    0.000e+00    8.463e-04        8      1    900s
     7        1     7.725e-04    0.000e+00    7.725e-04        9      1    906s
     7        1     7.491e-04    0.000e+00    7.491e-04       13      1    912s
     8        1     7.410e-04    0.000e+00    7.410e-04       14      1    917s
     8        2     6.797e-04    0.000e+00    6.797e-04       16      1    923s
     9        2     4.457e-04    0.000e+00    4.457e-04       18      1    929s
     9        2     4.166e-04    0.000e+00    4.166e-04       22      1    935s
    10        2     4.125e-04    0.000e+00    4.125e-04       24      1    941s
    11        2     4.078e-04    0.000e+00    4.078e-04       25      1    947s
    12        2     4.018e-04    0.000e+00    4.018e-04       27      1    953s
    13        2     3.877e-04    0.000e+00    3.877e-04       29      1    959s
    14        2     3.834e-04    0.000e+00    3.834e-04       31      1    965s
    15        2     3.563e-04    0.000e+00    3.563e-04       33      1    971s
    15        2     3.477e-04    0.000e+00    3.477e-04       37      1    977s
    15        3     3.424e-04    0.000e+00    3.424e-04       40      1    985s

   Active Sets   |           Objective Bounds            |         Work
  Size    Drops  |  Incumbent       BestBd       AddGap  |  SiGD  IntPrg   Time

    15        3     3.414e-04    0.000e+00    3.414e-04       41      1    986s
    16        3     3.222e-04    0.000e+00    3.222e-04       42      1    992s
    16        4     3.131e-04    0.000e+00    3.131e-04       44      1    999s
    17        4     2.876e-04    0.000e+00    2.876e-04       46      1   1006s
    18        4     2.154e-04    0.000e+00    2.154e-04       48      1   1014s
    18        4     2.075e-04    0.000e+00    2.075e-04       52      1   1020s
    18        4     2.022e-04    0.000e+00    2.022e-04       56      1   1025s
    17        5     1.838e-04    0.000e+00    1.838e-04       60      1   1031s
    17        6     1.793e-04    0.000e+00    1.793e-04       63      1   1039s
    17        7     1.613e-04    0.000e+00    1.613e-04       65      1   1047s
    18        7     1.218e-04    0.000e+00    1.218e-04       67      1   1054s
    17        8     1.019e-04    0.000e+00    1.019e-04       71      1   1060s
    18        8     9.997e-05    0.000e+00    9.997e-05       73      1   1066s


Optimal solution found (tolerance 1.00e-04)
Best objective 9.997083e-05, best bound 0.000000e+00, additive gap 9.997083e-05
Starting Reptition No. 10
First 20 entries in X [9846970 7454357 3886747 2916773 9388032 4443758 6506778 3949750 2082437
 1405266 1114069 5439797 8159777 3769231  632486 3898413 6469317 4341546
 4654346 9274641] 

First 20 entries in Y [0.         0.         0.         0.         0.         0.09407036
 0.         0.06819565 0.         0.         0.         0.
 0.         0.11168301 0.         0.         0.         0.
 0.         0.        ] 


Running BCG...

   Active Sets   |           Objective Bounds            |         Work
  Size    Drops  |  Incumbent       BestBd       AddGap  |  SiGD  IntPrg   Time

     2        0     1.019e-03    0.000e+00    1.019e-03        0      1    710s
     3        0     9.785e-04    0.000e+00    9.785e-04        0      1    867s
     4        0     9.328e-04    0.000e+00    9.328e-04        3      1    875s
     5        0     8.989e-04    0.000e+00    8.989e-04        6      1    884s
     5        1     6.733e-04    0.000e+00    6.733e-04        8      1    891s
     6        1     6.426e-04    0.000e+00    6.426e-04       10      1    897s
     7        1     6.283e-04    0.000e+00    6.283e-04       12      1    903s
     8        1     5.554e-04    0.000e+00    5.554e-04       15      1    911s
     8        1     5.421e-04    0.000e+00    5.421e-04       19      1    917s
     9        1     5.187e-04    0.000e+00    5.187e-04       21      1    923s
    10        1     4.666e-04    0.000e+00    4.666e-04       24      1    932s
    10        1     4.597e-04    0.000e+00    4.597e-04       28      1    938s
    11        1     4.275e-04    0.000e+00    4.275e-04       30      1    944s
    12        1     3.530e-04    0.000e+00    3.530e-04       32      1    951s
    12        1     3.396e-04    0.000e+00    3.396e-04       36      1    956s
    13        1     2.685e-04    0.000e+00    2.685e-04       38      1    963s
    13        1     2.621e-04    0.000e+00    2.621e-04       42      1    968s
    13        1     2.519e-04    0.000e+00    2.519e-04       46      1    974s
    12        2     2.486e-04    0.000e+00    2.486e-04       50      1    979s
    13        2     2.440e-04    0.000e+00    2.440e-04       53      1    989s

   Active Sets   |           Objective Bounds            |         Work
  Size    Drops  |  Incumbent       BestBd       AddGap  |  SiGD  IntPrg   Time

    13        2     2.376e-04    0.000e+00    2.376e-04       54      1    991s
    11        4     2.297e-04    0.000e+00    2.297e-04       58      1    996s
    11        4     2.204e-04    0.000e+00    2.204e-04       62      1   1002s
    13        4     1.216e-04    0.000e+00    1.216e-04       62      1   1010s
    13        4     9.970e-05    0.000e+00    9.970e-05       64      1   1013s


Optimal solution found (tolerance 1.00e-04)
Best objective 9.970110e-05, best bound 0.000000e+00, additive gap 9.970110e-05
Starting Reptition No. 11
First 20 entries in X [3080903 5135907 6289657 4532486 7959667 4529988 3324834 9755443 6691095
 5243729 8101396 9370453 9991298  592872 4928384 9590474 3310745 2337850
 2018561 8448781] 

First 20 entries in Y [0.         0.         0.16762097 0.         0.         0.
 0.         0.         0.         0.         0.         0.
 0.         0.         0.         0.         0.         0.
 0.         0.1475882 ] 


Running BCG...

   Active Sets   |           Objective Bounds            |         Work
  Size    Drops  |  Incumbent       BestBd       AddGap  |  SiGD  IntPrg   Time

     2        0     1.294e-03    0.000e+00    1.294e-03        0      1    720s
     3        0     1.153e-03    0.000e+00    1.153e-03        0      1    866s
     4        0     9.663e-04    0.000e+00    9.663e-04        3      1    874s
     5        0     9.240e-04    0.000e+00    9.240e-04        5      1    881s
     5        1     8.873e-04    0.000e+00    8.873e-04        7      1    887s
     6        1     8.664e-04    0.000e+00    8.664e-04        9      1    893s
     7        1     8.527e-04    0.000e+00    8.527e-04       10      1    899s
     8        1     6.840e-04    0.000e+00    6.840e-04       12      1    905s
     9        1     5.607e-04    0.000e+00    5.607e-04       15      1    912s
    10        1     4.856e-04    0.000e+00    4.856e-04       17      1    918s
    11        1     4.502e-04    0.000e+00    4.502e-04       20      1    927s
    11        2     4.437e-04    0.000e+00    4.437e-04       22      1    936s
    12        2     3.370e-04    0.000e+00    3.370e-04       22      1    943s
    12        2     2.541e-04    0.000e+00    2.541e-04       26      1    948s
    11        3     2.177e-04    0.000e+00    2.177e-04       30      1    954s
    13        3     2.103e-04    0.000e+00    2.103e-04       31      1    962s
    13        4     1.785e-04    0.000e+00    1.785e-04       32      1    968s
    14        4     1.688e-04    0.000e+00    1.688e-04       34      1    974s
    15        4     1.478e-04    0.000e+00    1.478e-04       35      1    980s
    16        4     1.371e-04    0.000e+00    1.371e-04       37      1    996s

   Active Sets   |           Objective Bounds            |         Work
  Size    Drops  |  Incumbent       BestBd       AddGap  |  SiGD  IntPrg   Time

    16        4     1.334e-04    0.000e+00    1.334e-04       38      1    997s
    17        4     1.275e-04    0.000e+00    1.275e-04       38      1   1004s
    18        4     1.120e-04    0.000e+00    1.120e-04       40      1   1137s
    18        4     1.034e-04    0.000e+00    1.034e-04       44      1   1142s
    17        5     9.937e-05    0.000e+00    9.937e-05       46      1   1145s


Optimal solution found (tolerance 1.00e-04)
Best objective 9.936904e-05, best bound 0.000000e+00, additive gap 9.936904e-05
Starting Reptition No. 12
First 20 entries in X [1269878 7328468 8298050 2636016 2720030 7026558 6521996 7456345 8301018
  712256 5515080  138014 2050714 3774287 2282145  946598 3067855 5104822
 9505097 6993226] 

First 20 entries in Y [0.         0.         0.         0.         0.         0.
 0.22614037 0.         0.03603928 0.         0.         0.
 0.         0.         0.14654325 0.         0.         0.
 0.         0.        ] 


Running BCG...

   Active Sets   |           Objective Bounds            |         Work
  Size    Drops  |  Incumbent       BestBd       AddGap  |  SiGD  IntPrg   Time

     2        0     1.218e-03    0.000e+00    1.218e-03        0      1    721s
     3        0     1.157e-03    0.000e+00    1.157e-03        0      1    852s
     4        0     1.086e-03    0.000e+00    1.086e-03        3      1    861s
     5        0     1.009e-03    0.000e+00    1.009e-03        5      1    867s
     5        1     9.986e-04    0.000e+00    9.986e-04        6      1    873s
     6        1     6.566e-04    0.000e+00    6.566e-04        7      1    878s
     6        1     6.229e-04    0.000e+00    6.229e-04       11      1    884s
     6        1     6.161e-04    0.000e+00    6.161e-04       15      1    889s
     7        1     6.041e-04    0.000e+00    6.041e-04       17      1    896s
     8        1     5.900e-04    0.000e+00    5.900e-04       20      1    905s
     9        1     5.850e-04    0.000e+00    5.850e-04       21      1    910s
    10        1     3.737e-04    0.000e+00    3.737e-04       22      1    917s
    10        1     3.436e-04    0.000e+00    3.436e-04       26      1    923s
    10        1     3.389e-04    0.000e+00    3.389e-04       30      1    928s
    12        1     2.465e-04    0.000e+00    2.465e-04       30      1    935s
    12        1     2.360e-04    0.000e+00    2.360e-04       34      1    941s
    13        1     2.329e-04    0.000e+00    2.329e-04       36      1    946s
    13        2     1.783e-04    0.000e+00    1.783e-04       38      1    953s
    13        2     1.567e-04    0.000e+00    1.567e-04       42      1    958s
    13        3     1.339e-04    0.000e+00    1.339e-04       45      1    966s

   Active Sets   |           Objective Bounds            |         Work
  Size    Drops  |  Incumbent       BestBd       AddGap  |  SiGD  IntPrg   Time

    12        4     1.330e-04    0.000e+00    1.330e-04       46      1    967s
    12        5     1.078e-04    0.000e+00    1.078e-04       47      1    972s
    14        5     8.586e-05    0.000e+00    8.586e-05       48      1    982s


Optimal solution found (tolerance 1.00e-04)
Best objective 8.586270e-05, best bound 0.000000e+00, additive gap 8.586270e-05
Starting Reptition No. 13
First 20 entries in X [3853830 9474732 8975847 2868754 7746521 6815505 7767254  315658 5007557
 6806449 2122032 4102035 5062028 2398256 6169779 2850550 9832961   48337
 8291723  993328] 

First 20 entries in Y [0.         0.         0.         0.         0.         0.
 0.         0.         0.         0.         0.         0.
 0.         0.02455506 0.         0.20201341 0.         0.
 0.         0.        ] 


Running BCG...

   Active Sets   |           Objective Bounds            |         Work
  Size    Drops  |  Incumbent       BestBd       AddGap  |  SiGD  IntPrg   Time

     2        0     1.210e-03    0.000e+00    1.210e-03        0      1    718s
     3        0     1.125e-03    0.000e+00    1.125e-03        0      1    846s
     4        0     9.831e-04    0.000e+00    9.831e-04        3      1    854s
     5        0     9.608e-04    0.000e+00    9.608e-04        4      1    859s
     5        1     8.274e-04    0.000e+00    8.274e-04        6      1    865s
     6        1     6.807e-04    0.000e+00    6.807e-04        8      1    873s
     6        1     5.848e-04    0.000e+00    5.848e-04       12      1    878s
     7        1     5.482e-04    0.000e+00    5.482e-04       14      1    885s
     7        2     3.077e-04    0.000e+00    3.077e-04       16      1    891s
     8        2     2.820e-04    0.000e+00    2.820e-04       18      1    897s
     9        2     2.781e-04    0.000e+00    2.781e-04       20      1    904s
    10        2     2.731e-04    0.000e+00    2.731e-04       23      1    912s
    11        2     2.693e-04    0.000e+00    2.693e-04       24      1    917s
    11        3     2.669e-04    0.000e+00    2.669e-04       25      1    922s
    12        3     2.506e-04    0.000e+00    2.506e-04       27      1    928s
    13        3     2.443e-04    0.000e+00    2.443e-04       29      1    934s
    13        4     2.051e-04    0.000e+00    2.051e-04       31      1    940s
    13        5     1.983e-04    0.000e+00    1.983e-04       32      1    946s
    14        5     1.946e-04    0.000e+00    1.946e-04       35      1    953s
    15        5     1.540e-04    0.000e+00    1.540e-04       36      1    959s

   Active Sets   |           Objective Bounds            |         Work
  Size    Drops  |  Incumbent       BestBd       AddGap  |  SiGD  IntPrg   Time

    15        5     1.527e-04    0.000e+00    1.527e-04       37      1    960s
    14        6     1.320e-04    0.000e+00    1.320e-04       41      1    965s
    15        6     1.301e-04    0.000e+00    1.301e-04       42      1    971s
    17        6     8.969e-05    0.000e+00    8.969e-05       42      1    980s


Optimal solution found (tolerance 1.00e-04)
Best objective 8.968925e-05, best bound 0.000000e+00, additive gap 8.968925e-05
Starting Reptition No. 14
First 20 entries in X [8095488 1905701 4590244 4908214 5553669 7816953 6659062 4971340  693581
  272410 7438782 6875849 5540360  309536 6046470 9648972 3572234 2595915
 5012510 2449304] 

First 20 entries in Y [0.        0.1351644 0.        0.        0.        0.        0.
 0.        0.        0.        0.        0.        0.        0.
 0.        0.        0.        0.        0.        0.       ] 


Running BCG...

   Active Sets   |           Objective Bounds            |         Work
  Size    Drops  |  Incumbent       BestBd       AddGap  |  SiGD  IntPrg   Time

     2        0     8.723e-04    0.000e+00    8.723e-04        0      1    713s
     3        0     8.369e-04    0.000e+00    8.369e-04        0      1    848s
     4        0     8.006e-04    0.000e+00    8.006e-04        3      1    856s
     4        0     7.952e-04    0.000e+00    7.952e-04        7      1    862s
     5        0     7.887e-04    0.000e+00    7.887e-04        8      1    868s
     5        1     5.401e-04    0.000e+00    5.401e-04       10      1    875s
     6        1     5.144e-04    0.000e+00    5.144e-04       12      1    882s
     7        1     5.098e-04    0.000e+00    5.098e-04       14      1    888s
     8        1     5.073e-04    0.000e+00    5.073e-04       16      1    895s
     9        1     4.903e-04    0.000e+00    4.903e-04       17      1    901s
     9        1     4.832e-04    0.000e+00    4.832e-04       21      1    906s
    10        1     4.776e-04    0.000e+00    4.776e-04       23      1    913s
    10        2     4.672e-04    0.000e+00    4.672e-04       25      1    919s
    11        2     3.977e-04    0.000e+00    3.977e-04       27      1    925s
    10        3     3.942e-04    0.000e+00    3.942e-04       31      1    931s
    11        3     3.834e-04    0.000e+00    3.834e-04       34      1    939s
    11        4     3.388e-04    0.000e+00    3.388e-04       36      1    946s
    12        4     3.247e-04    0.000e+00    3.247e-04       39      1    953s
    12        5     2.903e-04    0.000e+00    2.903e-04       42      1    961s
    12        5     2.852e-04    0.000e+00    2.852e-04       46      1    967s

   Active Sets   |           Objective Bounds            |         Work
  Size    Drops  |  Incumbent       BestBd       AddGap  |  SiGD  IntPrg   Time

    13        5     2.754e-04    0.000e+00    2.754e-04       46      1    970s
    14        5     2.266e-04    0.000e+00    2.266e-04       47      1    976s
    13        6     2.173e-04    0.000e+00    2.173e-04       51      1    981s
    15        6     2.118e-04    0.000e+00    2.118e-04       52      1    989s
    16        6     2.089e-04    0.000e+00    2.089e-04       54      1    996s
    18        6     1.834e-04    0.000e+00    1.834e-04       54      1   1004s
    17        7     1.729e-04    0.000e+00    1.729e-04       58      1   1010s
    16        8     1.678e-04    0.000e+00    1.678e-04       62      1   1015s
    17        9     1.425e-04    0.000e+00    1.425e-04       63      1   1032s
    17        9     1.276e-04    0.000e+00    1.276e-04       67      1   1037s
    17        9     1.175e-04    0.000e+00    1.175e-04       71      1   1043s
    18        9     1.136e-04    0.000e+00    1.136e-04       72      1   1054s
    19        9     1.074e-04    0.000e+00    1.074e-04       74      1   1061s
    20        9     1.049e-04    0.000e+00    1.049e-04       76      1   1067s
    21        9     9.265e-05    0.000e+00    9.265e-05       76      1   1178s


Optimal solution found (tolerance 1.00e-04)
Best objective 9.264537e-05, best bound 0.000000e+00, additive gap 9.264537e-05
Starting Reptition No. 15
First 20 entries in X [7873501 3512026 5927726 8264331 7948524 3789036 2664860 3481129 8732319
 3697085 7519083 7931203 4959037 9220320  516510 1007016 4568705  384246
 2448294 1210643] 

First 20 entries in Y [0.         0.         0.         0.         0.         0.
 0.         0.         0.08485016 0.1330892  0.         0.
 0.         0.         0.         0.         0.05585054 0.05585054
 0.         0.        ] 


Running BCG...

   Active Sets   |           Objective Bounds            |         Work
  Size    Drops  |  Incumbent       BestBd       AddGap  |  SiGD  IntPrg   Time

     2        0     5.701e-04    0.000e+00    5.701e-04        0      1    716s
     3        0     5.432e-04    0.000e+00    5.432e-04        0      1    839s
     4        0     4.794e-04    0.000e+00    4.794e-04        3      1    847s
     5        0     4.541e-04    0.000e+00    4.541e-04        6      1    856s
     5        1     4.313e-04    0.000e+00    4.313e-04        8      1    863s
     6        1     4.031e-04    0.000e+00    4.031e-04       10      1    869s
     6        1     4.014e-04    0.000e+00    4.014e-04       14      1    874s
     7        1     3.591e-04    0.000e+00    3.591e-04       15      1    881s
     8        1     3.524e-04    0.000e+00    3.524e-04       17      1    887s
     9        1     3.458e-04    0.000e+00    3.458e-04       20      1    897s
    10        1     3.409e-04    0.000e+00    3.409e-04       23      1    906s
    11        1     2.929e-04    0.000e+00    2.929e-04       24      1    912s
    11        2     2.876e-04    0.000e+00    2.876e-04       26      1    918s
    12        2     2.833e-04    0.000e+00    2.833e-04       27      1    924s
    13        2     2.558e-04    0.000e+00    2.558e-04       28      1    929s
    13        2     2.484e-04    0.000e+00    2.484e-04       32      1    934s
    14        2     2.262e-04    0.000e+00    2.262e-04       33      1    940s
    15        2     2.156e-04    0.000e+00    2.156e-04       34      1    946s
    15        2     2.136e-04    0.000e+00    2.136e-04       38      1    951s
    16        2     2.086e-04    0.000e+00    2.086e-04       39      1    957s

   Active Sets   |           Objective Bounds            |         Work
  Size    Drops  |  Incumbent       BestBd       AddGap  |  SiGD  IntPrg   Time

    16        2     2.084e-04    0.000e+00    2.084e-04       40      1    958s
    17        2     1.816e-04    0.000e+00    1.816e-04       41      1    964s
    17        2     1.752e-04    0.000e+00    1.752e-04       45      1    969s
    18        2     1.724e-04    0.000e+00    1.724e-04       46      1    976s
    18        3     1.590e-04    0.000e+00    1.590e-04       48      1    997s
    16        5     1.401e-04    0.000e+00    1.401e-04       52      1   1003s
    16        5     1.352e-04    0.000e+00    1.352e-04       56      1   1008s
    17        5     1.187e-04    0.000e+00    1.187e-04       57      1   1013s
    16        6     1.141e-04    0.000e+00    1.141e-04       61      1   1018s
    17        6     1.124e-04    0.000e+00    1.124e-04       61      1   1026s
    18        6     1.031e-04    0.000e+00    1.031e-04       61      1   1035s
    18        6     9.898e-05    0.000e+00    9.898e-05       63      1   1037s


Optimal solution found (tolerance 1.00e-04)
Best objective 9.898039e-05, best bound 0.000000e+00, additive gap 9.898039e-05
Starting Reptition No. 16
First 20 entries in X [9011891 8418207 7443800 7804110 7041392 3660060 2212604 5525656  118943
 6448451 9035416  473676 6829248 1217436 1076333 7196094 9936396 7399576
 2524423 5325565] 

First 20 entries in Y [0.         0.         0.         0.         0.135494   0.
 0.         0.         0.         0.         0.         0.
 0.         0.         0.08938674 0.         0.         0.
 0.         0.11179898] 


Running BCG...

   Active Sets   |           Objective Bounds            |         Work
  Size    Drops  |  Incumbent       BestBd       AddGap  |  SiGD  IntPrg   Time

     2        0     7.515e-04    0.000e+00    7.515e-04        0      1    723s
     3        0     7.226e-04    0.000e+00    7.226e-04        0      1    864s
     3        0     7.100e-04    0.000e+00    7.100e-04        4      1    870s
     4        0     6.831e-04    0.000e+00    6.831e-04        7      1    878s
     4        1     6.641e-04    0.000e+00    6.641e-04       10      1    887s
     5        1     6.377e-04    0.000e+00    6.377e-04       12      1    893s
     6        1     5.450e-04    0.000e+00    5.450e-04       14      1    899s
     6        1     5.348e-04    0.000e+00    5.348e-04       18      1    905s
     7        1     3.599e-04    0.000e+00    3.599e-04       20      1    910s
     7        2     3.452e-04    0.000e+00    3.452e-04       23      1    918s
     8        2     2.953e-04    0.000e+00    2.953e-04       25      1    924s
     7        3     2.904e-04    0.000e+00    2.904e-04       29      1    929s
     8        3     2.864e-04    0.000e+00    2.864e-04       31      1    936s
     9        3     1.711e-04    0.000e+00    1.711e-04       33      1    942s
     9        3     1.516e-04    0.000e+00    1.516e-04       37      1    947s
     8        4     1.491e-04    0.000e+00    1.491e-04       41      1    953s
     9        4     1.299e-04    0.000e+00    1.299e-04       43      1    959s
    10        4     1.150e-04    0.000e+00    1.150e-04       46      1    976s
     9        5     9.952e-05    0.000e+00    9.952e-05       50      1    981s


Optimal solution found (tolerance 1.00e-04)
Best objective 9.952018e-05, best bound 0.000000e+00, additive gap 9.952018e-05
Starting Reptition No. 17
First 20 entries in X [1731147 9580058 1040581 6251749 8874483 6502186 7584285 3192038 9602183
 4819293 1682810 5262822 3859792 7314534 8037686 1584699 8878072 9289935
 1791548 3495674] 

First 20 entries in Y [0.         0.         0.         0.         0.         0.
 0.         0.         0.         0.         0.         0.
 0.         0.02019451 0.00951064 0.         0.         0.
 0.         0.        ] 


Running BCG...

   Active Sets   |           Objective Bounds            |         Work
  Size    Drops  |  Incumbent       BestBd       AddGap  |  SiGD  IntPrg   Time

     2        0     5.272e-04    0.000e+00    5.272e-04        0      1    716s
     3        0     5.154e-04    0.000e+00    5.154e-04        0      1    850s
     4        0     4.926e-04    0.000e+00    4.926e-04        3      1    858s
     4        1     4.812e-04    0.000e+00    4.812e-04        6      1    867s
     5        1     4.043e-04    0.000e+00    4.043e-04        8      1    873s
     6        1     3.950e-04    0.000e+00    3.950e-04       10      1    879s
     6        1     3.903e-04    0.000e+00    3.903e-04       14      1    885s
     7        1     3.707e-04    0.000e+00    3.707e-04       15      1    891s
     8        1     3.645e-04    0.000e+00    3.645e-04       18      1    899s
     9        1     3.626e-04    0.000e+00    3.626e-04       21      1    910s
     8        2     3.565e-04    0.000e+00    3.565e-04       25      1    915s
     9        2     3.547e-04    0.000e+00    3.547e-04       26      1    921s
     8        4     3.451e-04    0.000e+00    3.451e-04       28      1    928s
     9        4     3.425e-04    0.000e+00    3.425e-04       30      1    935s
    10        4     3.363e-04    0.000e+00    3.363e-04       31      1    941s
     9        6     3.345e-04    0.000e+00    3.345e-04       34      1    949s
    10        6     3.314e-04    0.000e+00    3.314e-04       34      1    956s
    11        6     3.003e-04    0.000e+00    3.003e-04       34      1    961s
    11        6     2.972e-04    0.000e+00    2.972e-04       38      1    966s
    12        6     2.832e-04    0.000e+00    2.832e-04       38      1    971s

   Active Sets   |           Objective Bounds            |         Work
  Size    Drops  |  Incumbent       BestBd       AddGap  |  SiGD  IntPrg   Time

    11        7     2.828e-04    0.000e+00    2.828e-04       39      1    973s
    12        7     2.624e-04    0.000e+00    2.624e-04       41      1    980s
    13        7     1.921e-04    0.000e+00    1.921e-04       42      1    985s
    13        7     1.797e-04    0.000e+00    1.797e-04       46      1    990s
    13        7     1.738e-04    0.000e+00    1.738e-04       50      1    995s
    13        7     1.692e-04    0.000e+00    1.692e-04       54      1   1001s
    14        7     1.453e-04    0.000e+00    1.453e-04       56      1   1008s
    14        7     1.406e-04    0.000e+00    1.406e-04       60      1   1014s
    15        7     1.221e-04    0.000e+00    1.221e-04       62      1   1020s
    16        7     1.039e-04    0.000e+00    1.039e-04       63      1   1032s
    16        7     9.821e-05    0.000e+00    9.821e-05       66      1   1036s


Optimal solution found (tolerance 1.00e-04)
Best objective 9.820592e-05, best bound 0.000000e+00, additive gap 9.820592e-05
Starting Reptition No. 18
First 20 entries in X [8311686 2688125 3972209 3364193 2651777 5089800 5723750 5170503 4368613
 3737171 1962018 6868500 2900128 4920614 4767669 6721069 6501823 2580737
  858256 4435700] 

First 20 entries in Y [0. 0. 0. 0. 0. 0. 0. 0. 0. 0. 0. 0. 0. 0. 0. 0. 0. 0. 0. 0.] 


Running BCG...

   Active Sets   |           Objective Bounds            |         Work
  Size    Drops  |  Incumbent       BestBd       AddGap  |  SiGD  IntPrg   Time

     2        0     8.741e-04    0.000e+00    8.741e-04        0      1    720s
     3        0     8.522e-04    0.000e+00    8.522e-04        0      1    856s
     4        0     8.315e-04    0.000e+00    8.315e-04        3      1    865s
     5        0     7.797e-04    0.000e+00    7.797e-04        6      1    873s
     6        0     7.691e-04    0.000e+00    7.691e-04        8      1    880s
     6        1     6.964e-04    0.000e+00    6.964e-04       11      1    887s
     7        1     6.921e-04    0.000e+00    6.921e-04       12      1    894s
     8        1     5.156e-04    0.000e+00    5.156e-04       13      1    903s
     8        1     5.015e-04    0.000e+00    5.015e-04       17      1    908s
     8        1     4.943e-04    0.000e+00    4.943e-04       21      1    914s
     8        1     4.916e-04    0.000e+00    4.916e-04       25      1    919s
     9        1     4.716e-04    0.000e+00    4.716e-04       26      1    925s
    10        1     4.561e-04    0.000e+00    4.561e-04       29      1    934s
    11        1     4.498e-04    0.000e+00    4.498e-04       31      1    941s
    11        2     4.337e-04    0.000e+00    4.337e-04       33      1    949s
    12        2     4.014e-04    0.000e+00    4.014e-04       34      1    954s
    12        2     3.983e-04    0.000e+00    3.983e-04       38      1    960s
    14        2     3.912e-04    0.000e+00    3.912e-04       39      1    969s
    15        2     3.532e-04    0.000e+00    3.532e-04       39      1    974s
    13        4     3.482e-04    0.000e+00    3.482e-04       43      1    979s

   Active Sets   |           Objective Bounds            |         Work
  Size    Drops  |  Incumbent       BestBd       AddGap  |  SiGD  IntPrg   Time

    13        4     3.478e-04    0.000e+00    3.478e-04       44      1    980s
    14        4     3.016e-04    0.000e+00    3.016e-04       47      1    988s
    14        5     1.957e-04    0.000e+00    1.957e-04       50      1    996s
    13        6     1.795e-04    0.000e+00    1.795e-04       54      1   1001s
    13        6     1.717e-04    0.000e+00    1.717e-04       58      1   1006s
    15        6     1.478e-04    0.000e+00    1.478e-04       58      1   1019s
    15        6     1.388e-04    0.000e+00    1.388e-04       62      1   1024s
    15        6     1.277e-04    0.000e+00    1.277e-04       66      1   1030s
    15        6     1.163e-04    0.000e+00    1.163e-04       70      1   1035s
    16        7     1.137e-04    0.000e+00    1.137e-04       71      1   1044s
    16        8     1.127e-04    0.000e+00    1.127e-04       72      1   1050s
    17        8     1.022e-04    0.000e+00    1.022e-04       73      1   1064s
    17        8     9.728e-05    0.000e+00    9.728e-05       75      1   1067s


Optimal solution found (tolerance 1.00e-04)
Best objective 9.727891e-05, best bound 0.000000e+00, additive gap 9.727891e-05
Starting Reptition No. 19
First 20 entries in X [6093120 8787724 9207909 7178505 4541509 9731496 1922596 4081908 8043419
 6038415 9628978 3763120 3422750 2958966 6592241 3345580 4467246 8658631
  556619 3905402] 

First 20 entries in Y [0.         0.         0.         0.14844325 0.         0.09835891
 0.         0.         0.         0.         0.         0.
 0.         0.         0.         0.         0.         0.
 0.         0.        ] 


Running BCG...

   Active Sets   |           Objective Bounds            |         Work
  Size    Drops  |  Incumbent       BestBd       AddGap  |  SiGD  IntPrg   Time

     2        0     9.324e-04    0.000e+00    9.324e-04        0      1    719s
     3        0     8.892e-04    0.000e+00    8.892e-04        0      1    859s
     4        0     8.565e-04    0.000e+00    8.565e-04        3      1    868s
     5        0     6.523e-04    0.000e+00    6.523e-04        5      1    874s
     5        1     6.407e-04    0.000e+00    6.407e-04        8      1    883s
     6        1     4.958e-04    0.000e+00    4.958e-04       10      1    889s
     6        1     4.916e-04    0.000e+00    4.916e-04       14      1    894s
     8        1     4.700e-04    0.000e+00    4.700e-04       15      1    903s
     8        2     4.628e-04    0.000e+00    4.628e-04       18      1    913s
     9        2     3.975e-04    0.000e+00    3.975e-04       20      1    920s
     8        3     3.847e-04    0.000e+00    3.847e-04       24      1    925s
     8        3     3.731e-04    0.000e+00    3.731e-04       28      1    930s
     9        3     3.100e-04    0.000e+00    3.100e-04       31      1    937s
    10        3     2.953e-04    0.000e+00    2.953e-04       34      1    945s
    11        3     2.917e-04    0.000e+00    2.917e-04       35      1    951s
    12        3     2.717e-04    0.000e+00    2.717e-04       36      1    963s
    12        3     2.608e-04    0.000e+00    2.608e-04       40      1    969s
    13        3     2.523e-04    0.000e+00    2.523e-04       41      1    974s
    13        3     2.377e-04    0.000e+00    2.377e-04       45      1    979s
    14        3     1.880e-04    0.000e+00    1.880e-04       46      1    985s

   Active Sets   |           Objective Bounds            |         Work
  Size    Drops  |  Incumbent       BestBd       AddGap  |  SiGD  IntPrg   Time

    14        3     1.867e-04    0.000e+00    1.867e-04       47      1    987s
    15        3     1.707e-04    0.000e+00    1.707e-04       49      1    998s
    14        4     1.553e-04    0.000e+00    1.553e-04       53      1   1003s
    15        4     1.532e-04    0.000e+00    1.532e-04       54      1   1009s
    15        5     1.413e-04    0.000e+00    1.413e-04       55      1   1014s
    16        5     1.355e-04    0.000e+00    1.355e-04       57      1   1020s
    17        5     1.198e-04    0.000e+00    1.198e-04       57      1   1034s
    17        5     1.114e-04    0.000e+00    1.114e-04       61      1   1040s
    18        5     1.099e-04    0.000e+00    1.099e-04       62      1   1155s
    18        5     1.070e-04    0.000e+00    1.070e-04       66      1   1160s
    18        5     9.553e-05    0.000e+00    9.553e-05       68      1   1163s


Optimal solution found (tolerance 1.00e-04)
Best objective 9.553222e-05, best bound 0.000000e+00, additive gap 9.553222e-05
Starting Reptition No. 20
First 20 entries in X [7421223 3702325 7499965  997503 8466767 6494278 4339168 1845998 2722641
 1016562 3704136 5098038 1483211 6653979 2198799 2512728 8311228 3606192
 7944981 5093505] 

First 20 entries in Y [0. 0. 0. 0. 0. 0. 0. 0. 0. 0. 0. 0. 0. 0. 0. 0. 0. 0. 0. 0.] 


Running BCG...

   Active Sets   |           Objective Bounds            |         Work
  Size    Drops  |  Incumbent       BestBd       AddGap  |  SiGD  IntPrg   Time

     2        0     1.048e-03    0.000e+00    1.048e-03        0      1    712s
     3        0     9.676e-04    0.000e+00    9.676e-04        0      1    839s
     4        0     9.143e-04    0.000e+00    9.143e-04        3      1    848s
     4        1     8.939e-04    0.000e+00    8.939e-04        6      1    856s
     5        1     6.963e-04    0.000e+00    6.963e-04        8      1    862s
     6        1     5.177e-04    0.000e+00    5.177e-04       10      1    869s
     6        1     5.086e-04    0.000e+00    5.086e-04       14      1    874s
     7        1     4.972e-04    0.000e+00    4.972e-04       16      1    880s
     8        1     4.188e-04    0.000e+00    4.188e-04       17      1    886s
     7        2     4.084e-04    0.000e+00    4.084e-04       21      1    891s
     8        2     4.023e-04    0.000e+00    4.023e-04       23      1    897s
    10        2     3.960e-04    0.000e+00    3.960e-04       23      1    906s
    11        2     3.675e-04    0.000e+00    3.675e-04       24      1    911s
    12        2     2.582e-04    0.000e+00    2.582e-04       27      1    920s
    12        2     1.999e-04    0.000e+00    1.999e-04       31      1    926s
    12        2     1.689e-04    0.000e+00    1.689e-04       35      1    931s
    12        2     1.632e-04    0.000e+00    1.632e-04       39      1    936s
    13        2     1.624e-04    0.000e+00    1.624e-04       40      1    942s
    14        2     1.606e-04    0.000e+00    1.606e-04       40      1    947s
    15        2     1.564e-04    0.000e+00    1.564e-04       40      1    958s

   Active Sets   |           Objective Bounds            |         Work
  Size    Drops  |  Incumbent       BestBd       AddGap  |  SiGD  IntPrg   Time

    14        3     1.559e-04    0.000e+00    1.559e-04       41      1    959s
    16        3     1.461e-04    0.000e+00    1.461e-04       42      1    970s
    15        4     1.382e-04    0.000e+00    1.382e-04       46      1    976s
    16        4     1.369e-04    0.000e+00    1.369e-04       47      1    981s
    18        4     1.335e-04    0.000e+00    1.335e-04       48      1   1004s
    18        5     1.319e-04    0.000e+00    1.319e-04       49      1   1119s
    18        5     1.264e-04    0.000e+00    1.264e-04       53      1   1124s
    18        5     1.220e-04    0.000e+00    1.220e-04       57      1   1129s
    18        5     1.169e-04    0.000e+00    1.169e-04       61      1   1135s
    17        6     1.157e-04    0.000e+00    1.157e-04       65      1   1140s
    17        6     1.150e-04    0.000e+00    1.150e-04       69      1   1145s
    16        7     1.138e-04    0.000e+00    1.138e-04       73      1   1151s
    16        7     1.133e-04    0.000e+00    1.133e-04       77      1   1156s
    16        7     1.131e-04    0.000e+00    1.131e-04       81      1   1161s
    16        8     1.121e-04    0.000e+00    1.121e-04       83      1   1167s
    17        8     1.041e-04    0.000e+00    1.041e-04       86      1   1175s
    17        8     1.031e-04    0.000e+00    1.031e-04       90      1   1180s
    16        9     1.025e-04    0.000e+00    1.025e-04       94      1   1186s
    16        9     1.015e-04    0.000e+00    1.015e-04       98      1   1191s
    16        9     1.011e-04    0.000e+00    1.011e-04      102      1   1196s

   Active Sets   |           Objective Bounds            |         Work
  Size    Drops  |  Incumbent       BestBd       AddGap  |  SiGD  IntPrg   Time

    16        9     1.011e-04    0.000e+00    1.011e-04      103      1   1197s
    16       10     8.977e-05    0.000e+00    8.977e-05      106      1   1206s


Optimal solution found (tolerance 1.00e-04)
Best objective 8.976502e-05, best bound 0.000000e+00, additive gap 8.976502e-05
Starting Reptition No. 21
First 20 entries in X [9165811 7181537 9192532 7910670 6206773 2577244 5403163 5887272 4683499
 6732514 6356235 1345875 9154155 8287652 9282034 1732211 3980703 9780848
 8703720 2653057] 

First 20 entries in Y [0.         0.         0.         0.         0.         0.
 0.         0.         0.         0.0999344  0.16951762 0.
 0.         0.         0.         0.         0.         0.
 0.         0.        ] 


Running BCG...

   Active Sets   |           Objective Bounds            |         Work
  Size    Drops  |  Incumbent       BestBd       AddGap  |  SiGD  IntPrg   Time

     2        0     3.373e-03    0.000e+00    3.373e-03        0      1    722s
     3        0     1.774e-03    0.000e+00    1.774e-03        0      1    834s
     4        0     1.575e-03    0.000e+00    1.575e-03        1      1    840s
     4        1     1.385e-03    0.000e+00    1.385e-03        4      1    848s
     5        1     1.022e-03    0.000e+00    1.022e-03        6      1    855s
     5        1     7.072e-04    0.000e+00    7.072e-04       10      1    860s
     6        1     6.266e-04    0.000e+00    6.266e-04       11      1    865s
     7        1     5.817e-04    0.000e+00    5.817e-04       13      1    871s
     8        1     5.616e-04    0.000e+00    5.616e-04       15      1    878s
     9        1     4.102e-04    0.000e+00    4.102e-04       17      1    884s
    10        1     3.914e-04    0.000e+00    3.914e-04       19      1    890s
    12        1     3.261e-04    0.000e+00    3.261e-04       19      1    899s
    12        2     2.614e-04    0.000e+00    2.614e-04       21      1    905s
    13        2     2.148e-04    0.000e+00    2.148e-04       23      1   1036s
    12        3     1.759e-04    0.000e+00    1.759e-04       27      1   1041s
    12        3     1.556e-04    0.000e+00    1.556e-04       31      1   1047s
    10        5     1.537e-04    0.000e+00    1.537e-04       35      1   1052s
     9        6     1.517e-04    0.000e+00    1.517e-04       39      1   1057s
     9        6     1.510e-04    0.000e+00    1.510e-04       43      1   1063s
     9        6     1.506e-04    0.000e+00    1.506e-04       47      1   1068s

   Active Sets   |           Objective Bounds            |         Work
  Size    Drops  |  Incumbent       BestBd       AddGap  |  SiGD  IntPrg   Time

     9        6     1.506e-04    0.000e+00    1.506e-04       48      1   1069s
    10        6     1.439e-04    0.000e+00    1.439e-04       50      1   1075s
    10        6     1.433e-04    0.000e+00    1.433e-04       54      1   1081s
    11        6     1.195e-04    0.000e+00    1.195e-04       55      1   1087s
    11        6     1.092e-04    0.000e+00    1.092e-04       59      1   1092s
    11        6     1.001e-04    0.000e+00    1.001e-04       63      1   1097s
    11        6     9.967e-05    0.000e+00    9.967e-05       64      1   1099s


Optimal solution found (tolerance 1.00e-04)
Best objective 9.967172e-05, best bound 0.000000e+00, additive gap 9.967172e-05
Starting Reptition No. 22
First 20 entries in X [7236923 2561802 2917439 4812779 1720390 3550233 1340353 4365369  787527
 9971730 9510310 6136818 9042362 4389818 2602331  763033 1060178 2868355
 8993338 8744768] 

First 20 entries in Y [0.         0.01493066 0.         0.         0.         0.
 0.         0.01883605 0.         0.         0.         0.
 0.         0.         0.         0.         0.         0.
 0.         0.        ] 


Running BCG...

   Active Sets   |           Objective Bounds            |         Work
  Size    Drops  |  Incumbent       BestBd       AddGap  |  SiGD  IntPrg   Time

     2        0     7.157e-04    0.000e+00    7.157e-04        0      1    723s
     3        0     6.975e-04    0.000e+00    6.975e-04        0      1    854s
     4        0     6.684e-04    0.000e+00    6.684e-04        3      1    862s
     5        0     6.531e-04    0.000e+00    6.531e-04        5      1    869s
     5        1     6.444e-04    0.000e+00    6.444e-04        8      1    877s
     6        1     4.954e-04    0.000e+00    4.954e-04        9      1    882s
     6        1     4.812e-04    0.000e+00    4.812e-04       13      1    888s
     7        1     4.763e-04    0.000e+00    4.763e-04       14      1    893s
     7        1     4.743e-04    0.000e+00    4.743e-04       18      1    898s
     9        1     3.658e-04    0.000e+00    3.658e-04       19      1    906s
     9        1     3.602e-04    0.000e+00    3.602e-04       23      1    912s
    10        1     3.559e-04    0.000e+00    3.559e-04       25      1    918s
    11        1     3.544e-04    0.000e+00    3.544e-04       26      1    923s
    11        2     3.281e-04    0.000e+00    3.281e-04       29      1    930s
    11        2     3.225e-04    0.000e+00    3.225e-04       33      1    936s
    12        2     3.184e-04    0.000e+00    3.184e-04       35      1    942s
    12        3     3.132e-04    0.000e+00    3.132e-04       38      1    950s
    13        3     2.762e-04    0.000e+00    2.762e-04       40      1    957s
    13        3     2.722e-04    0.000e+00    2.722e-04       44      1    962s
    14        3     2.684e-04    0.000e+00    2.684e-04       47      1    970s

   Active Sets   |           Objective Bounds            |         Work
  Size    Drops  |  Incumbent       BestBd       AddGap  |  SiGD  IntPrg   Time

    14        3     2.681e-04    0.000e+00    2.681e-04       48      1    971s
    15        3     2.319e-04    0.000e+00    2.319e-04       49      1    978s
    14        4     2.299e-04    0.000e+00    2.299e-04       53      1    983s
    14        4     2.219e-04    0.000e+00    2.219e-04       57      1    988s
    13        5     2.140e-04    0.000e+00    2.140e-04       61      1    994s
    15        5     1.656e-04    0.000e+00    1.656e-04       62      1   1002s
    14        6     1.620e-04    0.000e+00    1.620e-04       66      1   1008s
    16        6     9.162e-05    0.000e+00    9.162e-05       66      1   1021s


Optimal solution found (tolerance 1.00e-04)
Best objective 9.161821e-05, best bound 0.000000e+00, additive gap 9.161821e-05
Starting Reptition No. 23
First 20 entries in X [7404031 1278063 3698686 2106858 3748405 5000929 4078137 6546327 1407550
 5272222 5313091 2412568 2617050 7674099 7796914 2624560 9119366 1832367
 5385658 5746577] 

First 20 entries in Y [0.         0.         0.         0.         0.         0.03946663
 0.         0.         0.         0.         0.         0.01753729
 0.         0.         0.         0.         0.         0.
 0.         0.        ] 


Running BCG...

   Active Sets   |           Objective Bounds            |         Work
  Size    Drops  |  Incumbent       BestBd       AddGap  |  SiGD  IntPrg   Time

     2        0     1.507e-03    0.000e+00    1.507e-03        0      1    720s
     3        0     1.297e-03    0.000e+00    1.297e-03        0      1    833s
     4        0     9.135e-04    0.000e+00    9.135e-04        3      1    841s
     5        0     8.722e-04    0.000e+00    8.722e-04        6      1    849s
     5        1     8.648e-04    0.000e+00    8.648e-04        8      1    856s
     6        1     7.416e-04    0.000e+00    7.416e-04        9      1    861s
     7        1     7.261e-04    0.000e+00    7.261e-04       11      1    867s
     9        1     6.990e-04    0.000e+00    6.990e-04       12      1    876s
     9        2     6.893e-04    0.000e+00    6.893e-04       13      1    882s
     9        3     6.193e-04    0.000e+00    6.193e-04       15      1    889s
     9        3     6.078e-04    0.000e+00    6.078e-04       19      1    895s
    10        3     5.148e-04    0.000e+00    5.148e-04       20      1    900s
    11        3     4.822e-04    0.000e+00    4.822e-04       23      1    908s
    12        3     4.321e-04    0.000e+00    4.321e-04       24      1    913s
    13        3     3.629e-04    0.000e+00    3.629e-04       25      1    934s
    14        3     2.695e-04    0.000e+00    2.695e-04       28      1    998s
    14        3     1.445e-04    0.000e+00    1.445e-04       32      1   1003s
    14        3     1.220e-04    0.000e+00    1.220e-04       36      1   1009s
    16        3     1.205e-04    0.000e+00    1.205e-04       36      1   1016s
    17        3     1.076e-04    0.000e+00    1.076e-04       36      1   1132s

   Active Sets   |           Objective Bounds            |         Work
  Size    Drops  |  Incumbent       BestBd       AddGap  |  SiGD  IntPrg   Time

    16        4     1.059e-04    0.000e+00    1.059e-04       37      1   1133s
    16        4     9.720e-05    0.000e+00    9.720e-05       39      1   1136s


Optimal solution found (tolerance 1.00e-04)
Best objective 9.720227e-05, best bound 0.000000e+00, additive gap 9.720227e-05
Starting Reptition No. 24
First 20 entries in X [1106555 4183500 1897310 4830659 9500412 9399459 4068596 8442716 3404992
 6705726 3295835 1502030 4307910 4612873 9106869 6906201 6175365 2404957
 3966836 5797022] 

First 20 entries in Y [0.         0.         0.         0.         0.         0.
 0.14790879 0.         0.         0.         0.         0.
 0.         0.         0.         0.         0.         0.
 0.         0.        ] 


Running BCG...

   Active Sets   |           Objective Bounds            |         Work
  Size    Drops  |  Incumbent       BestBd       AddGap  |  SiGD  IntPrg   Time

     2        0     6.636e-04    0.000e+00    6.636e-04        0      1    721s
     3        0     6.333e-04    0.000e+00    6.333e-04        0      1    855s
     4        0     6.092e-04    0.000e+00    6.092e-04        3      1    864s
     5        0     5.955e-04    0.000e+00    5.955e-04        6      1    872s
     5        1     5.866e-04    0.000e+00    5.866e-04        8      1    878s
     6        1     5.750e-04    0.000e+00    5.750e-04       10      1    884s
     7        1     4.715e-04    0.000e+00    4.715e-04       11      1    891s
     7        1     4.655e-04    0.000e+00    4.655e-04       15      1    896s
     8        1     4.624e-04    0.000e+00    4.624e-04       16      1    902s
     9        1     2.680e-04    0.000e+00    2.680e-04       18      1    909s
     9        1     2.456e-04    0.000e+00    2.456e-04       22      1    915s
    10        1     2.416e-04    0.000e+00    2.416e-04       24      1    921s
    11        1     2.404e-04    0.000e+00    2.404e-04       26      1    927s
    11        2     1.842e-04    0.000e+00    1.842e-04       28      1    933s
    11        2     1.813e-04    0.000e+00    1.813e-04       32      1    938s
     9        4     1.653e-04    0.000e+00    1.653e-04       36      1    944s
    11        4     1.611e-04    0.000e+00    1.611e-04       36      1    951s
    12        4     1.533e-04    0.000e+00    1.533e-04       38      1    957s
    13        4     1.098e-04    0.000e+00    1.098e-04       40      1    963s
    13        4     1.080e-04    0.000e+00    1.080e-04       44      1    968s

   Active Sets   |           Objective Bounds            |         Work
  Size    Drops  |  Incumbent       BestBd       AddGap  |  SiGD  IntPrg   Time

    14        4     1.068e-04    0.000e+00    1.068e-04       44      1    972s
    15        4     9.786e-05    0.000e+00    9.786e-05       46      1    979s


Optimal solution found (tolerance 1.00e-04)
Best objective 9.786139e-05, best bound 0.000000e+00, additive gap 9.786139e-05
Starting Reptition No. 25
First 20 entries in X [5711137 2376803 4124634 9267165 7526342  407856 5991430 4694584 2381433
 9093728 5864453 8084733 2944118 2315170 9633523 9938564 6773141 3675957
 2124201 3307992] 

First 20 entries in Y [0.07402022 0.         0.         0.         0.         0.
 0.         0.         0.         0.         0.         0.
 0.         0.         0.         0.         0.         0.
 0.         0.        ] 


Running BCG...

   Active Sets   |           Objective Bounds            |         Work
  Size    Drops  |  Incumbent       BestBd       AddGap  |  SiGD  IntPrg   Time

     2        0     1.258e-03    0.000e+00    1.258e-03        0      1    719s
     3        0     1.172e-03    0.000e+00    1.172e-03        0      1    849s
     3        0     1.149e-03    0.000e+00    1.149e-03        4      1    856s
     4        0     7.541e-04    0.000e+00    7.541e-04        6      1    862s
     5        0     7.313e-04    0.000e+00    7.313e-04        8      1    869s
     5        1     7.131e-04    0.000e+00    7.131e-04       11      1    877s
     6        1     7.015e-04    0.000e+00    7.015e-04       13      1    884s
     7        1     6.891e-04    0.000e+00    6.891e-04       14      1    889s
     7        2     6.810e-04    0.000e+00    6.810e-04       16      1    895s
     8        2     6.038e-04    0.000e+00    6.038e-04       17      1    901s
     9        2     5.278e-04    0.000e+00    5.278e-04       19      1    907s
     9        2     5.189e-04    0.000e+00    5.189e-04       23      1    912s
    10        2     4.976e-04    0.000e+00    4.976e-04       25      1    920s
    11        2     4.316e-04    0.000e+00    4.316e-04       26      1    928s
    11        2     4.207e-04    0.000e+00    4.207e-04       30      1    933s
    12        2     3.896e-04    0.000e+00    3.896e-04       31      1    939s
    13        2     3.641e-04    0.000e+00    3.641e-04       34      1    947s
    14        2     3.068e-04    0.000e+00    3.068e-04       37      1    966s
    14        2     2.451e-04    0.000e+00    2.451e-04       41      1    971s
    15        2     2.419e-04    0.000e+00    2.419e-04       42      1    977s

   Active Sets   |           Objective Bounds            |         Work
  Size    Drops  |  Incumbent       BestBd       AddGap  |  SiGD  IntPrg   Time

    16        2     2.285e-04    0.000e+00    2.285e-04       42      1    984s
    16        2     2.146e-04    0.000e+00    2.146e-04       46      1    989s
    16        2     1.975e-04    0.000e+00    1.975e-04       50      1    995s
    18        2     1.730e-04    0.000e+00    1.730e-04       50      1   1004s
    18        3     1.532e-04    0.000e+00    1.532e-04       52      1   1041s
    18        3     1.381e-04    0.000e+00    1.381e-04       56      1   1046s
    18        3     1.305e-04    0.000e+00    1.305e-04       60      1   1051s
    17        4     9.894e-05    0.000e+00    9.894e-05       64      1   1057s


Optimal solution found (tolerance 1.00e-04)
Best objective 9.893813e-05, best bound 0.000000e+00, additive gap 9.893813e-05
Starting Reptition No. 26
First 20 entries in X [7740606 5749759 8180640 9109338 3509496 2616974 9111976 9586500 6403291
  450357 3881096 3230138 6965155 6866588 3712065 7550783 6152681 9012895
 8211679 8618824] 

First 20 entries in Y [0.         0.         0.05242701 0.         0.         0.
 0.         0.         0.         0.         0.         0.
 0.         0.         0.         0.         0.         0.00010179
 0.         0.        ] 


Running BCG...

   Active Sets   |           Objective Bounds            |         Work
  Size    Drops  |  Incumbent       BestBd       AddGap  |  SiGD  IntPrg   Time

     2        0     3.669e-04    0.000e+00    3.669e-04        0      1    719s
     3        0     3.628e-04    0.000e+00    3.628e-04        0      1    857s
     4        0     3.541e-04    0.000e+00    3.541e-04        3      1    865s
     4        1     3.512e-04    0.000e+00    3.512e-04        5      1    872s
     5        1     3.487e-04    0.000e+00    3.487e-04        7      1    878s
     6        1     1.757e-04    0.000e+00    1.757e-04        9      1    884s
     7        1     1.742e-04    0.000e+00    1.742e-04       11      1    890s
     8        1     1.709e-04    0.000e+00    1.709e-04       13      1    896s
     8        2     1.683e-04    0.000e+00    1.683e-04       15      1    902s
     9        2     1.662e-04    0.000e+00    1.662e-04       16      1    907s
    10        2     1.512e-04    0.000e+00    1.512e-04       18      1    913s
    10        2     1.505e-04    0.000e+00    1.505e-04       22      1    919s
    10        3     1.486e-04    0.000e+00    1.486e-04       24      1    925s
    11        3     1.475e-04    0.000e+00    1.475e-04       25      1    930s
    12        3     1.115e-04    0.000e+00    1.115e-04       26      1    936s
    12        3     1.043e-04    0.000e+00    1.043e-04       30      1    941s
    13        3     1.035e-04    0.000e+00    1.035e-04       32      1    947s
    14        3     9.554e-05    0.000e+00    9.554e-05       32      1    952s


Optimal solution found (tolerance 1.00e-04)
Best objective 9.554314e-05, best bound 0.000000e+00, additive gap 9.554314e-05
Starting Reptition No. 27
First 20 entries in X [ 484268 9014433 9675754 6131977 1276564 3263762 4451070 9130282 7058996
 8128857  294575 7906656 1085718 6534099 9250208 7663267 1495542 4458913
 8461695 6889712] 

First 20 entries in Y [0.         0.         0.         0.         0.         0.
 0.         0.         0.         0.12593959 0.         0.
 0.         0.12457756 0.         0.         0.         0.
 0.         0.        ] 


Running BCG...

   Active Sets   |           Objective Bounds            |         Work
  Size    Drops  |  Incumbent       BestBd       AddGap  |  SiGD  IntPrg   Time

     2        0     4.635e-04    0.000e+00    4.635e-04        0      1    720s
     3        0     4.494e-04    0.000e+00    4.494e-04        0      1    862s
     4        0     4.338e-04    0.000e+00    4.338e-04        3      1    871s
     5        0     4.284e-04    0.000e+00    4.284e-04        6      1    879s
     6        0     4.237e-04    0.000e+00    4.237e-04        9      1    887s
     6        1     4.048e-04    0.000e+00    4.048e-04       12      1    895s
     7        1     3.973e-04    0.000e+00    3.973e-04       15      1    903s
     8        1     3.898e-04    0.000e+00    3.898e-04       18      1    911s
     9        1     3.859e-04    0.000e+00    3.859e-04       21      1    918s
    10        1     3.698e-04    0.000e+00    3.698e-04       24      1    927s
    11        1     3.594e-04    0.000e+00    3.594e-04       27      1    935s
    12        1     3.527e-04    0.000e+00    3.527e-04       29      1    942s
    11        2     3.511e-04    0.000e+00    3.511e-04       33      1    948s
    13        2     3.471e-04    0.000e+00    3.471e-04       34      1    958s
    12        4     2.865e-04    0.000e+00    2.865e-04       37      1    967s
    12        4     2.779e-04    0.000e+00    2.779e-04       41      1    972s
    12        4     2.753e-04    0.000e+00    2.753e-04       45      1    978s
    12        4     2.735e-04    0.000e+00    2.735e-04       49      1    983s
    13        4     2.255e-04    0.000e+00    2.255e-04       50      1    989s
    13        4     2.210e-04    0.000e+00    2.210e-04       54      1    994s

   Active Sets   |           Objective Bounds            |         Work
  Size    Drops  |  Incumbent       BestBd       AddGap  |  SiGD  IntPrg   Time

    13        4     2.206e-04    0.000e+00    2.206e-04       55      1    995s
    14        4     2.189e-04    0.000e+00    2.189e-04       57      1   1003s
    15        4     2.129e-04    0.000e+00    2.129e-04       58      1   1009s
    15        4     2.122e-04    0.000e+00    2.122e-04       62      1   1014s
    16        4     2.049e-04    0.000e+00    2.049e-04       62      1   1021s
    17        4     1.544e-04    0.000e+00    1.544e-04       65      1   1031s
    16        5     1.503e-04    0.000e+00    1.503e-04       69      1   1036s
    16        5     1.457e-04    0.000e+00    1.457e-04       73      1   1042s
    17        5     1.387e-04    0.000e+00    1.387e-04       75      1   1048s
    18        5     1.342e-04    0.000e+00    1.342e-04       75      1   1056s
    18        5     1.300e-04    0.000e+00    1.300e-04       79      1   1061s
    19        5     1.280e-04    0.000e+00    1.280e-04       81      1   1069s
    20        5     1.200e-04    0.000e+00    1.200e-04       82      1   1077s
    21        5     1.111e-04    0.000e+00    1.111e-04       84      1   1090s
    20        6     1.081e-04    0.000e+00    1.081e-04       88      1   1096s
    21        6     9.313e-05    0.000e+00    9.313e-05       89      1   1102s


Optimal solution found (tolerance 1.00e-04)
Best objective 9.313350e-05, best bound 0.000000e+00, additive gap 9.313350e-05
Starting Reptition No. 28
First 20 entries in X [8102686 5009144 8498480 9343430  234860 3755639  504374 9037341 7101875
 5962864 7486768 9683308 4766473 9814067 7202625 6330477 9533201 7307552
 4564085 2528568] 

First 20 entries in Y [0. 0. 0. 0. 0. 0. 0. 0. 0. 0. 0. 0. 0. 0. 0. 0. 0. 0. 0. 0.] 


Running BCG...

   Active Sets   |           Objective Bounds            |         Work
  Size    Drops  |  Incumbent       BestBd       AddGap  |  SiGD  IntPrg   Time

     2        0     1.195e-03    0.000e+00    1.195e-03        0      1    722s
     3        0     9.618e-04    0.000e+00    9.618e-04        0      1    817s
     3        0     9.413e-04    0.000e+00    9.413e-04        4      1    823s
     4        0     8.444e-04    0.000e+00    8.444e-04        7      1    831s
     4        1     6.798e-04    0.000e+00    6.798e-04        9      1    838s
     5        1     4.187e-04    0.000e+00    4.187e-04       11      1    845s
     5        1     2.536e-04    0.000e+00    2.536e-04       15      1    850s
     5        1     2.277e-04    0.000e+00    2.277e-04       19      1    855s
     7        1     2.219e-04    0.000e+00    2.219e-04       20      1    864s
     8        1     2.181e-04    0.000e+00    2.181e-04       22      1    870s
     8        2     2.154e-04    0.000e+00    2.154e-04       23      1    875s
    10        2     1.591e-04    0.000e+00    1.591e-04       23      1    886s
     8        4     1.310e-04    0.000e+00    1.310e-04       27      1    891s
     9        4     1.285e-04    0.000e+00    1.285e-04       28      1    898s
    10        4     1.093e-04    0.000e+00    1.093e-04       28      1   1010s
     9        5     9.837e-05    0.000e+00    9.837e-05       31      1   1014s


Optimal solution found (tolerance 1.00e-04)
Best objective 9.836966e-05, best bound 0.000000e+00, additive gap 9.836966e-05
Starting Reptition No. 29
First 20 entries in X [4523898 3050118  901995 4421321 4033606 3919386 8953158 3221196 4381704
 3237309 8973771 5279332 8321543 3182025 1385441 6186472 8948654 9258926
  686407 5080063] 

First 20 entries in Y [0. 0. 0. 0. 0. 0. 0. 0. 0. 0. 0. 0. 0. 0. 0. 0. 0. 0. 0. 0.] 


Running BCG...

   Active Sets   |           Objective Bounds            |         Work
  Size    Drops  |  Incumbent       BestBd       AddGap  |  SiGD  IntPrg   Time

     2        0     3.363e-04    0.000e+00    3.363e-04        0      1    725s
     3        0     3.167e-04    0.000e+00    3.167e-04        0      1    851s
     4        0     2.971e-04    0.000e+00    2.971e-04        3      1    859s
     4        1     2.886e-04    0.000e+00    2.886e-04        5      1    866s
     5        1     2.830e-04    0.000e+00    2.830e-04        7      1    872s
     6        1     1.897e-04    0.000e+00    1.897e-04        7      1    877s
     6        1     1.763e-04    0.000e+00    1.763e-04       11      1    882s
     7        1     1.716e-04    0.000e+00    1.716e-04       14      1    890s
     8        1     1.700e-04    0.000e+00    1.700e-04       15      1    895s
     9        1     1.607e-04    0.000e+00    1.607e-04       16      1    901s
    10        1     1.591e-04    0.000e+00    1.591e-04       17      1    907s
    11        1     1.545e-04    0.000e+00    1.545e-04       19      1    915s
    12        1     9.893e-05    0.000e+00    9.893e-05       22      1    923s


Optimal solution found (tolerance 1.00e-04)
