Starting Reptition No. 1
First 20 entries in X [ 1348900 83938408 14283504 12188652 51411944 48482220  1373045  1976425
 72446068  9673478 50562773 28602663 96323236 74415868 55179458 38377260
 76048838 85136797 66789525 85988388] 

First 20 entries in Y [0. 0. 0. 0. 0. 0. 0. 0. 0. 0. 0. 0. 0. 0. 0. 0. 0. 0. 0. 0.] 


Running BCG...

   Active Sets   |           Objective Bounds            |         Work
  Size    Drops  |  Incumbent       BestBd       AddGap  |  SiGD  IntPrg   Time

     2        0     4.019e-04    0.000e+00    4.019e-04        0      1      1s
     3        0     3.939e-04    0.000e+00    3.939e-04        0      1      5s
     4        1     3.827e-04    0.000e+00    3.827e-04        4      1     14s
    10        2     2.610e-04    0.000e+00    2.610e-04       24      1     19s
    14       10     1.767e-04    0.000e+00    1.767e-04       35      1     26s
    19       12     1.647e-04    0.000e+00    1.647e-04       38      1     31s
    27       17     1.203e-04    0.000e+00    1.203e-04       46      1     37s
    29       17     1.185e-04    0.000e+00    1.185e-04       46      1     39s
    44       17     9.972e-05    0.000e+00    9.972e-05      112      1     42s


Optimal solution found (tolerance 1.00e-04)
Best objective 9.971772e-05, best bound 0.000000e+00, additive gap 9.971772e-05
Starting Reptition No. 2
First 20 entries in X [98675980 24625167 73004118 86129621 56662015 77574708 87895450 91925001
 15122287 98280317 58618296 22219380 64808212 33315446 13790873 90875223
 55899294 76462215 85569161 69889889] 

First 20 entries in Y [0.         0.         0.         0.         0.         0.
 0.         0.         0.         0.         0.         0.18585275
 0.         0.06109183 0.         0.         0.         0.
 0.         0.        ] 


Running BCG...

   Active Sets   |           Objective Bounds            |         Work
  Size    Drops  |  Incumbent       BestBd       AddGap  |  SiGD  IntPrg   Time

     2        0     6.296e-04    0.000e+00    6.296e-04        0      1      1s
     3        0     5.324e-04    0.000e+00    5.324e-04        0      1      3s
     3        1     5.216e-04    0.000e+00    5.216e-04        1      1     14s
     4        2     3.717e-04    0.000e+00    3.717e-04        4      1     24s
     7        2     3.533e-04    0.000e+00    3.533e-04        6      1     30s
     8        6     2.360e-04    0.000e+00    2.360e-04       15      1     40s
    11        6     2.246e-04    0.000e+00    2.246e-04       19      1     45s
    18        9     1.835e-04    0.000e+00    1.835e-04       30      1     51s
    25       10     1.437e-04    0.000e+00    1.437e-04       36      1     56s
    45       10     1.201e-04    0.000e+00    1.201e-04       77      1     61s
    59       11     9.921e-05    0.000e+00    9.921e-05      116      1     66s


Optimal solution found (tolerance 1.00e-04)
Best objective 9.920623e-05, best bound 0.000000e+00, additive gap 9.920623e-05
Starting Reptition No. 3
First 20 entries in X [98873641  4284650 55943484 98055889 48972080 61650221 89049195 89570921
 47538334 74478204 44266570 18069104 69781422 19570634 28217858 15234623
 34628791 34442991 95628971 19867184] 

First 20 entries in Y [0. 0. 0. 0. 0. 0. 0. 0. 0. 0. 0. 0. 0. 0. 0. 0. 0. 0. 0. 0.] 


Running BCG...

   Active Sets   |           Objective Bounds            |         Work
  Size    Drops  |  Incumbent       BestBd       AddGap  |  SiGD  IntPrg   Time

     2        0     6.242e-04    0.000e+00    6.242e-04        0      1      1s
     3        0     5.962e-04    0.000e+00    5.962e-04        0      1      5s
     4        2     3.176e-04    0.000e+00    3.176e-04        5      1     16s
     6        3     3.023e-04    0.000e+00    3.023e-04        8      1     22s
    13        5     2.474e-04    0.000e+00    2.474e-04       16      1     27s
    21        8     1.820e-04    0.000e+00    1.820e-04       22      1     32s
    22        9     1.725e-04    0.000e+00    1.725e-04       25      1     33s
    43       12     1.329e-04    0.000e+00    1.329e-04       48      1     38s
    57       13     1.143e-04    0.000e+00    1.143e-04       74      1     43s
    60       13     9.955e-05    0.000e+00    9.955e-05       78      1     45s


Optimal solution found (tolerance 1.00e-04)
Best objective 9.955135e-05, best bound 0.000000e+00, additive gap 9.955135e-05
Starting Reptition No. 4
First 20 entries in X [49359856  5259953 84346620 66300374 95752610 93971418 95257629 90011042
 40995164 68246222 74936434 90183955 30394303 62495623 23946326 29709808
 62896847 61143785 20974492 33512380] 

First 20 entries in Y [0.         0.         0.         0.         0.         0.
 0.         0.         0.04293836 0.         0.         0.
 0.         0.         0.         0.12877061 0.         0.
 0.         0.        ] 


Running BCG...

   Active Sets   |           Objective Bounds            |         Work
  Size    Drops  |  Incumbent       BestBd       AddGap  |  SiGD  IntPrg   Time

     2        0     2.977e-04    0.000e+00    2.977e-04        0      1      1s
     3        0     2.910e-04    0.000e+00    2.910e-04        0      1      6s
     3        1     2.863e-04    0.000e+00    2.863e-04        3      1     12s
     5        2     2.740e-04    0.000e+00    2.740e-04        9      1     18s
     8        4     2.399e-04    0.000e+00    2.399e-04       16      1     25s
    19        6     2.041e-04    0.000e+00    2.041e-04       31      1     30s
    37        9     1.280e-04    0.000e+00    1.280e-04       47      1     35s
    39       10     1.216e-04    0.000e+00    1.216e-04       52      1     37s
    45       10     9.272e-05    0.000e+00    9.272e-05       62      1     38s


Optimal solution found (tolerance 1.00e-04)
Best objective 9.272453e-05, best bound 0.000000e+00, additive gap 9.272453e-05
Starting Reptition No. 5
First 20 entries in X [63067324 49029850 59067348 17090747 93981735 72297408 20338237 74086333
 33422515  9232158 19154045 12634490 25659251 26561936 52321070 88802492
 36079557 70719062 50471847 92448601] 

First 20 entries in Y [0. 0. 0. 0. 0. 0. 0. 0. 0. 0. 0. 0. 0. 0. 0. 0. 0. 0. 0. 0.] 


Running BCG...

   Active Sets   |           Objective Bounds            |         Work
  Size    Drops  |  Incumbent       BestBd       AddGap  |  SiGD  IntPrg   Time

     2        0     3.281e-04    0.000e+00    3.281e-04        0      1      1s
     3        0     3.171e-04    0.000e+00    3.171e-04        0      1      5s
     4        2     1.575e-04    0.000e+00    1.575e-04        6      1     12s
     6        4     1.445e-04    0.000e+00    1.445e-04       12      1     18s
    12        4     1.180e-04    0.000e+00    1.180e-04       28      1     21s
    15        4     9.111e-05    0.000e+00    9.111e-05      110      1     23s


Optimal solution found (tolerance 1.00e-04)
Best objective 9.110725e-05, best bound 0.000000e+00, additive gap 9.110725e-05
Starting Reptition No. 6
First 20 entries in X [19606908  8944215 94479104 59052977 91366100 16308003 61269232 65855858
 79913097 84904583 12664772 86827873  4615492 77316594 39462551 91362930
  4135076 94641866 62397936 71560002] 

First 20 entries in Y [0. 0. 0. 0. 0. 0. 0. 0. 0. 0. 0. 0. 0. 0. 0. 0. 0. 0. 0. 0.] 


Running BCG...

   Active Sets   |           Objective Bounds            |         Work
  Size    Drops  |  Incumbent       BestBd       AddGap  |  SiGD  IntPrg   Time

     2        0     7.532e-04    0.000e+00    7.532e-04        0      1      1s
     3        0     7.195e-04    0.000e+00    7.195e-04        0      1      6s
     3        1     7.007e-04    0.000e+00    7.007e-04        3      1     14s
     6        2     5.246e-04    0.000e+00    5.246e-04       10      1     20s
     7        4     4.008e-04    0.000e+00    4.008e-04       17      1     29s
     9        5     3.869e-04    0.000e+00    3.869e-04       21      1     35s
    14        7     3.178e-04    0.000e+00    3.178e-04       29      1     40s
    16       13     2.467e-04    0.000e+00    2.467e-04       36      1     46s
    23       14     2.228e-04    0.000e+00    2.228e-04       38      1     52s
    37       17     1.647e-04    0.000e+00    1.647e-04       77      1     57s
    42       18     1.476e-04    0.000e+00    1.476e-04       97      1     59s
    57       18     1.237e-04    0.000e+00    1.237e-04      181      2    184s
    63       21     9.991e-05    0.000e+00    9.991e-05      230      2    186s


Optimal solution found (tolerance 1.00e-04)
Best objective 9.990941e-05, best bound 0.000000e+00, additive gap 9.990941e-05
Starting Reptition No. 7
First 20 entries in X [25819901 66916550 51169165 26675877 16631602 62824293 96098599 95657411
 87525330 13640292 66559563 82146262 46530019 53835477 16312683 48791966
  4672824 11224343 34929581  5623592] 

First 20 entries in Y [0.        0.        0.        0.        0.        0.        0.
 0.        0.        0.        0.        0.0243395 0.        0.
 0.        0.        0.        0.        0.        0.       ] 


Running BCG...

   Active Sets   |           Objective Bounds            |         Work
  Size    Drops  |  Incumbent       BestBd       AddGap  |  SiGD  IntPrg   Time

     2        0     2.932e-04    0.000e+00    2.932e-04        0      1      1s
     3        0     2.806e-04    0.000e+00    2.806e-04        0      1      4s
     3        1     2.765e-04    0.000e+00    2.765e-04        2      1     12s
     4        2     2.575e-04    0.000e+00    2.575e-04        8      1     19s
     5        3     1.980e-04    0.000e+00    1.980e-04       12      1     26s
    11        4     1.857e-04    0.000e+00    1.857e-04       20      1     31s
    19        5     1.641e-04    0.000e+00    1.641e-04       29      1     36s
    35        8     1.196e-04    0.000e+00    1.196e-04       38      1     42s
    37       10     9.682e-05    0.000e+00    9.682e-05       42      1     43s


Optimal solution found (tolerance 1.00e-04)
Best objective 9.681551e-05, best bound 0.000000e+00, additive gap 9.681551e-05
Starting Reptition No. 8
First 20 entries in X [49634964 73270444 23147110 87054638 52525243 57634336 71219617 32466074
 95926386 75712710 59327272 19524609 49708586 27235390 30751072 83505029
 94925780 52396816 90834082 90116621] 

First 20 entries in Y [0. 0. 0. 0. 0. 0. 0. 0. 0. 0. 0. 0. 0. 0. 0. 0. 0. 0. 0. 0.] 


Running BCG...

   Active Sets   |           Objective Bounds            |         Work
  Size    Drops  |  Incumbent       BestBd       AddGap  |  SiGD  IntPrg   Time

     2        0     2.879e-04    0.000e+00    2.879e-04        0      1      1s
     3        0     2.767e-04    0.000e+00    2.767e-04        0      1      5s
     3        1     2.723e-04    0.000e+00    2.723e-04        2      1     12s
     6        2     2.495e-04    0.000e+00    2.495e-04       11      1     18s
    19        4     1.671e-04    0.000e+00    1.671e-04       29      1     23s
    36        9     1.083e-04    0.000e+00    1.083e-04       45      1     28s
    44        9     9.987e-05    0.000e+00    9.987e-05       46      1     30s


Optimal solution found (tolerance 1.00e-04)
Best objective 9.986923e-05, best bound 0.000000e+00, additive gap 9.986923e-05
Starting Reptition No. 9
First 20 entries in X [81566466 44381035 30907680 88511105 82169498 97452598 74763786 15962271
 74857375 66372639 76337581 96196710 45810780 97504796 77574548 16941403
  3576052 18835702 58707691 45251142] 

First 20 entries in Y [0.         0.         0.         0.         0.         0.
 0.         0.07699975 0.         0.         0.         0.
 0.         0.         0.         0.         0.06437679 0.
 0.         0.        ] 


Running BCG...

   Active Sets   |           Objective Bounds            |         Work
  Size    Drops  |  Incumbent       BestBd       AddGap  |  SiGD  IntPrg   Time

     2        0     4.980e-04    0.000e+00    4.980e-04        0      1      1s
     3        0     4.712e-04    0.000e+00    4.712e-04        0      1      5s
     3        1     4.641e-04    0.000e+00    4.641e-04        3      1     17s
     4        2     4.417e-04    0.000e+00    4.417e-04        8      1     26s
     7        3     3.816e-04    0.000e+00    3.816e-04       12      1     31s
     8        4     3.584e-04    0.000e+00    3.584e-04       19      1     37s
    11        6     3.305e-04    0.000e+00    3.305e-04       26      1     43s
    19        9     2.168e-04    0.000e+00    2.168e-04       36      1     48s
    26       14     1.609e-04    0.000e+00    1.609e-04       47      1     53s
    27       14     1.588e-04    0.000e+00    1.588e-04       47      1     54s
    48       16     1.255e-04    0.000e+00    1.255e-04       80      1     59s
    64       20     1.082e-04    0.000e+00    1.082e-04      107      1     65s
    70       21     9.453e-05    0.000e+00    9.453e-05      117      1     68s


Optimal solution found (tolerance 1.00e-04)
Best objective 9.453264e-05, best bound 0.000000e+00, additive gap 9.453264e-05
Starting Reptition No. 10
First 20 entries in X [25079908  9160081 18416245 61394075  9007271 31090744 47317915  3766786
 36083699 35780555  3687544 85989587 14516647  9604963 31050553 28131431
 19762259 65629259 11888813 35775509] 

First 20 entries in Y [0. 0. 0. 0. 0. 0. 0. 0. 0. 0. 0. 0. 0. 0. 0. 0. 0. 0. 0. 0.] 


Running BCG...

   Active Sets   |           Objective Bounds            |         Work
  Size    Drops  |  Incumbent       BestBd       AddGap  |  SiGD  IntPrg   Time

     2        0     5.850e-04    0.000e+00    5.850e-04        0      1      1s
     3        0     5.637e-04    0.000e+00    5.637e-04        0      1      5s
     4        1     5.359e-04    0.000e+00    5.359e-04        5      1     13s
     8        2     4.280e-04    0.000e+00    4.280e-04       15      1     18s
    10        5     3.006e-04    0.000e+00    3.006e-04       25      1     26s
    16        7     2.428e-04    0.000e+00    2.428e-04       33      1     31s
    20       13     2.203e-04    0.000e+00    2.203e-04       44      1     39s
    23       15     1.935e-04    0.000e+00    1.935e-04       58      1     45s
    33       16     1.663e-04    0.000e+00    1.663e-04       63      1     50s
    37       16     1.487e-04    0.000e+00    1.487e-04       65      1     53s
    60       17     1.298e-04    0.000e+00    1.298e-04      128      1     58s
    75       20     1.133e-04    0.000e+00    1.133e-04      188      1     63s
    77       22     9.997e-05    0.000e+00    9.997e-05      202      1     64s


Optimal solution found (tolerance 1.00e-04)
Best objective 9.997051e-05, best bound 0.000000e+00, additive gap 9.997051e-05
Starting Reptition No. 11
First 20 entries in X [ 4946686 13311596 87118992 52246068 14276376 60743838 53883847 27436720
 98183304 65331457  2807237 18860823 72576109   888093 56307691 15667184
 13220083 44890276 55496516 81294340] 

First 20 entries in Y [0.         0.         0.         0.         0.         0.
 0.         0.         0.         0.         0.02383152 0.
 0.         0.         0.         0.         0.         0.
 0.         0.        ] 


Running BCG...

   Active Sets   |           Objective Bounds            |         Work
  Size    Drops  |  Incumbent       BestBd       AddGap  |  SiGD  IntPrg   Time

     2        0     6.886e-04    0.000e+00    6.886e-04        0      1      1s
     3        0     6.737e-04    0.000e+00    6.737e-04        0      1      7s
     3        1     6.639e-04    0.000e+00    6.639e-04        3      1     17s
     6        2     5.849e-04    0.000e+00    5.849e-04        9      1     24s
     8        7     2.422e-04    0.000e+00    2.422e-04       24      1     33s
    11        9     1.972e-04    0.000e+00    1.972e-04       29      1     38s
    13       11     1.497e-04    0.000e+00    1.497e-04       34      1     44s
    16       14     9.787e-05    0.000e+00    9.787e-05       38      1     48s


Optimal solution found (tolerance 1.00e-04)
